-0.001251
0.000778
0.005180
0.003901
0.001858
-0.002780
0.003695
0.003686
-0.000760
-0.002778
0.007063
-0.001063
0.002883
0.001962
-0.001969
0.003178
0.003907
0.001344
-0.002541
0.003138
-0.003436
-0.002551
0.002262
0.003881
0.002511
-0.006393
0.002979
0.000854
0.005010
-0.000421
0.005122
0.002041
-0.000708
0.009784
0.007632
-0.010064
-0.000724
-0.001287
0.002109
0.000035
-0.002646
0.001710
0.001407
-0.000425
0.008090
-0.002761
-0.002571
-0.004854
0.001102
-0.002930
-0.002375
-0.000609
0.008252
0.001266
0.003297
0.001554
-0.000718
0.000600
0.009886
0.005638
-0.006524
0.000639
-0.000863
-0.002538
-0.001654
-0.007321
-0.001454
-0.004701
0.003574
0.007114
-0.000636
-0.002083
-0.000528
0.000835
0.000000
0.002173
-0.001138
-0.003433
-0.002932
-0.004002
0.001583
0.000105
0.000841
0.002621
0.002094
-0.003250
0.003872
-0.002188
0.002605
0.001664
0.002395
-0.004253
-0.000514
0.006004
-0.001742
0.003189
-0.000094
0.003760
0.000000
0.000000
-0.000277
-0.000818
0.000819
0.005114
0.002022
-0.001843
-0.001530
-0.006848
0.000410
-0.004083
-0.001740
0.003216
0.002288
0.001550
-0.002207
0.001061
0.002384
-0.002118
-0.007636
0.001982
-0.001240
-0.001079
0.001667
0.007933
0.000491
-0.000660
-0.000739
0.002523
-0.002350
0.000486
-0.005805
0.000821
0.003093
-0.000741
0.003440
-0.000629
-0.002859
0.003192
-0.002710
-0.000263
-0.001636
-0.000820
-0.000339
0.000481
0.000000
0.003468
0.000883
-0.000407
0.006799
0.000802
-0.001541
-0.000870
-0.002082
0.006560
-0.000463
0.001533
0.002594
-0.001069
-0.000336
0.000000
0.000912
-0.000735
0.002596
-0.000116
0.002365
0.000449
0.002459
0.000335
-0.004482
0.000000
-0.000840
0.001911
-0.001966
-0.001973
0.000738
0.001578
0.001078
0.003961
-0.000339
0.002668
0.000726
0.000143
-0.000386
-0.002757
0.000482
0.003726
0.001582
0.000045
0.002629
0.000718
-0.001861
-0.000424
0.000805
0.000000
-0.001691
0.001025
0.000500
0.002196
0.000718
0.000679
-0.002874
-0.004346
0.000000
-0.000419
0.004044
0.001924
-0.001105
0.000103
-0.002729
0.001323
-0.003360
0.000163
0.002506
-0.000381
0.002661
-0.000818
-0.002863
-0.001055
0.002164
0.000380
-0.001141
0.000326
0.003625
-0.001080
0.000000
-0.003023
0.001210
0.001415
0.000780
0.000000
0.000800
-0.002947
0.001863
0.000000
0.002160
-0.001851
-0.002255
0.000396
-0.004535
-0.000362
0.001447
0.001119
0.000430
0.002276
0.000425
0.000750
-0.002598
-0.002261
-0.005333
-0.000341
-0.001187
0.003380
0.000379
-0.007590
0.001875
-0.000757
-0.000759
0.004565
0.000785
-0.000381
-0.004963
-0.001944
-0.001910
0.001525
0.000000
0.000386
-0.006561
0.000759
-0.000771
-0.004691
0.001155
0.000788
0.002730
0.001948
0.002717
0.000771
-0.003491
-0.003892
-0.001563
-0.001960
-0.002753
-0.000790
0.000398
0.000788
0.000783
0.002357
0.000385
0.000764
-0.003944
-0.001577
0.005133
-0.001940
0.001180
0.001587
-0.003545
-0.001173
-0.000791
0.000718
0.001174
0.000015
-0.001567
-0.001209
-0.000907
0.000000
-0.001138
0.002135
0.000377
-0.003035
0.001128
-0.000751
0.000373
-0.000296
0.002381
0.000819
-0.001476
-0.002039
-0.003956
-0.001383
-0.008827
0.001472
-0.004456
0.002485
0.001187
0.000441
-0.001999
-0.002450
-0.000332
0.000893
0.002374
0.000816
-0.005855
-0.003306
-0.002368
-0.000746
0.000000
-0.004313
0.001488
-0.003413
-0.006740
-0.000426
0.003621
0.004385
0.002253
0.004780
-0.002538
-0.009906
0.002429
0.001688
0.000364
-0.002889
0.002522
-0.003307
-0.003698
0.001273
0.003318
0.000251
-0.001450
0.008188
-0.003370
-0.000353
0.000000
-0.000485
-0.009612
0.002968
-0.002050
0.005614
-0.001335
-0.001049
0.003778
0.002298
0.004732
0.002682
0.001340
0.004142
-0.002510
-0.001324
0.001620
-0.001371
0.001046
-0.001452
0.000973
-0.001379
0.003971
-0.001454
-0.001215
-0.000406
0.000811
0.002106
0.005122
-0.002142
0.000882
-0.001192
0.001984
-0.000880
-0.001987
0.000488
0.001191
-0.004564
-0.005237
0.000217
0.001399
-0.001305
-0.001425
-0.003555
0.000000
-0.000813
-0.000407
0.003046
0.000406
-0.001014
-0.002953
0.001521
-0.004371
0.001528
0.001857
-0.001730
-0.000814
0.003750
0.002197
-0.001816
0.002723
0.000000
-0.000292
-0.003011
-0.001622
-0.001219
-0.001738
-0.000580
0.000752
-0.001856
0.003478
-0.002841
-0.001627
-0.001588
-0.000819
-0.001105
0.002579
0.003582
-0.001414
0.000811
-0.003256
-0.000944
0.001655
-0.000686
-0.000408
0.000829
-0.002308
-0.003430
0.001645
0.001363
0.001225
-0.002589
0.001091
0.001769
-0.003268
0.000260
0.001493
-0.003129
0.000000
0.000943
0.000958
0.000551
0.000000
-0.001462
-0.001343
0.000000
-0.002080
-0.003287
-0.001500
-0.001806
0.001089
0.000566
0.001908
0.000821
-0.001904
0.000978
0.000664
-0.000156
0.000758
0.003019
-0.004651
0.001391
-0.001570
-0.001805
0.000000
-0.000247
-0.001150
-0.001479
-0.002140
0.000000
0.001235
-0.000917
0.003022
0.000169
0.000409
0.002108
0.002914
-0.002917
-0.001569
0.000000
-0.002628
-0.003168
-0.001410
0.000355
0.003927
0.001633
-0.003603
0.004758
-0.003033
0.004703
-0.006405
-0.002643
0.000721
0.001905
0.000962
-0.001001
0.001038
-0.000970
0.000188
-0.003518
-0.000798
0.002725
0.000797
0.002453
0.000000
0.009904
-0.001031
-0.002198
0.002218
0.001584
0.002981
0.002176
0.000953
-0.005525
-0.003192
0.002196
0.004756
0.000199
0.014437
-0.003090
0.001544
0.000582
0.001353
0.003290
-0.000759
-0.000403
-0.004611
-0.000398
0.001755
-0.003455
0.000185
0.004990
0.001726
-0.002843
-0.000807
-0.002327
0.001973
0.002297
0.009657
0.001324
-0.002075
0.004456
-0.000542
-0.005984
-0.002469
0.001133
0.002339
0.000837
-0.002375
-0.000543
0.001082
0.000917
0.000960
0.001815
-0.000478
0.006936
0.002249
-0.002149
0.001162
-0.003561
0.002176
-0.003805
-0.000740
-0.002290
-0.000220
0.003487
-0.002977
0.000150
0.000000
-0.001707
0.002444
-0.000810
0.000000
0.000947
0.004700
-0.000061
0.001688
0.000365
-0.000140
-0.001461
-0.002844
0.007436
0.002669
-0.000545
0.002969
-0.003148
-0.001636
-0.001946
0.001651
0.000362
-0.000260
-0.000102
-0.000155
-0.001556
-0.000127
-0.003504
-0.004141
0.000859
0.002071
-0.000968
0.000000
0.011335
-0.000843
-0.001554
-0.003000
-0.001206
-0.000358
0.000000
-0.001083
-0.000841
-0.003750
0.002544
0.001448
-0.000972
0.001807
0.000000
0.000112
0.002412
-0.002159
-0.001630
-0.006731
-0.005764
0.001584
-0.000108
0.000000
0.000214
-0.002523
0.000426
0.003664
-0.000365
0.001822
-0.001983
0.000365
-0.000302
0.001092
0.000791
0.004438
0.002089
-0.000909
0.000980
0.002408
0.003912
0.000000
-0.001590
0.001326
0.001771
-0.002571
-0.001599
0.001153
0.000442
-0.002485
-0.005541
0.000185
0.004742
-0.000271
0.000711
-0.000166
-0.001066
-0.002606
-0.002146
-0.000162
-0.000396
0.000994
-0.002706
-0.001873
0.000126
-0.005048
0.002889
0.000285
0.000435
0.002516
-0.002517
0.000000
-0.000288
-0.000217
-0.001366
0.000359
0.000718
0.001789
-0.000782
0.000134
-0.001723
0.001588
-0.006522
0.001145
-0.002227
0.001378
-0.001316
-0.002165
0.000362
-0.001206
0.001084
0.000000
-0.002587
0.000000
-0.001927
0.001031
0.000418
-0.001085
-0.001087
0.000724
0.000616
-0.001084
-0.000105
-0.000152
0.000000
-0.002902
0.000462
-0.000678
0.001984
0.003701
0.000452
-0.001485
0.001392
0.005035
0.000085
-0.002611
0.002566
0.002035
0.001094
-0.003993
0.000668
-0.001777
0.000036
0.000000
0.002106
-0.001801
0.000070
0.004574
0.000000
0.002543
-0.000729
0.000666
0.000755
0.001390
-0.003159
0.004487
0.000664
-0.004459
0.000348
0.001414
-0.000719
-0.000646
-0.000392
0.001386
0.001103
0.000993
0.001439
-0.001338
-0.000382
-0.000744
-0.003077
-0.001770
-0.000679
0.000710
0.000678
-0.002445
0.000652
0.000334
-0.000632
-0.002442
-0.001767
-0.001048
0.001412
0.001053
0.002436
-0.000354
0.000338
0.000339
0.005520
0.001361
0.000005
0.000336
0.001360
-0.001696
0.002036
-0.002379
0.000678
0.000681
0.001014
0.003037
-0.000337
0.000677
0.000649
0.001005
0.000018
0.000344
-0.001036
0.002017
0.001013
0.003329
0.004229
-0.004937
0.000000
-0.001013
0.002660
-0.000970
-0.001037
0.000660
-0.000027
0.000742
0.002623
0.000298
-0.003572
0.000690
-0.001381
-0.001211
0.001243
-0.000579
0.001153
0.002367
0.000000
-0.000410
-0.005898
-0.002307
-0.001180
-0.000427
0.000049
0.001092
0.002798
-0.001258
-0.002682
-0.000548
0.002240
-0.001523
-0.000447
0.001640
0.000267
-0.001901
0.001572
0.001045
-0.000066
-0.000586
0.002072
0.000396
-0.001556
-0.003264
0.000074
-0.001559
0.000904
-0.000234
-0.003042
0.001721
0.000817
-0.000488
-0.003036
-0.000902
-0.002241
0.002243
-0.000987
-0.000182
-0.000474
0.000986
0.000138
0.000983
0.000654
-0.000425
0.001402
-0.002080
-0.000980
-0.003049
0.000000
-0.001537
0.000768
-0.000876
-0.000109
-0.000657
0.001200
-0.000427
-0.001754
0.000116
0.001194
0.000982
-0.004261
0.001192
-0.000862
0.000779
-0.001232
-0.001059
-0.001844
-0.001317
0.005319
0.001956
0.000132
-0.000844
0.000976
0.004344
-0.000646
0.001475
-0.001795
-0.002173
-0.001808
-0.000650
0.000505
0.001261
0.001436
0.001494
0.000963
-0.000689
0.000983
-0.002546
0.001434
0.000000
-0.001767
0.001436
0.000327
0.000157
-0.000162
-0.000161
0.000955
0.000479
-0.003349
-0.000327
-0.004959
-0.000138
0.000962
-0.000793
-0.000984
0.001308
-0.001604
0.002882
-0.001951
0.000464
0.000141
-0.001840
-0.001225
-0.000417
-0.000919
-0.000507
0.003976
0.000505
0.002041
-0.000447
-0.002092
0.001840
-0.000447
0.002720
-0.000507
-0.000242
0.000000
-0.003791
-0.000991
-0.006445
0.006472
-0.003690
-0.001729
0.000635
0.001696
0.001798
-0.000732
-0.000107
0.000000
0.000314
0.000000
-0.000841
-0.000214
0.000414
-0.000627
0.000121
-0.000218
0.000845
-0.001599
0.000846
0.000313
0.001071
0.000000
0.000623
0.000000
-0.001161
-0.000933
0.000000
0.003102
0.000468
-0.000617
-0.001933
-0.001861
-0.002650
0.001643
0.000310
0.001170
-0.002273
-0.000759
0.000106
-0.000245
0.001420
0.000000
-0.000184
0.000371
0.000866
-0.001426
0.000000
-0.002589
-0.004410
-0.002131
0.001095
-0.002550
-0.002821
-0.001103
0.001566
0.000984
-0.000266
0.003022
0.000000
0.000929
-0.000432
-0.001743
0.004441
-0.001428
0.002425
0.000376
-0.004342
-0.000893
0.001541
-0.001172
-0.000279
0.002095
0.000000
0.001225
-0.000329
-0.001554
0.000263
-0.000591
0.000000
-0.000936
0.000645
0.001220
0.000290
0.001203
0.003901
-0.001512
0.001227
-0.000923
0.002133
0.001498
-0.000299
-0.000599
-0.000891
-0.001200
-0.000299
-0.000601
-0.001497
-0.000300
-0.000010
0.000017
0.000891
-0.000876
0.000283
0.000598
0.000298
0.002083
0.001792
0.000014
0.000858
-0.002365
-0.001464
-0.000890
-0.002695
0.000894
-0.000251
0.001732
0.000320
0.000000
0.002040
-0.000588
-0.001149
-0.000620
0.000528
0.001240
0.001172
0.000292
0.000328
-0.001168
0.003714
0.000251
0.000369
-0.003482
-0.000873
0.000291
0.000870
-0.001741
0.000244
0.001403
0.001976
-0.001871
-0.000679
0.001493
-0.000237
-0.001154
0.000288
-0.000633
0.001152
-0.000518
0.000000
-0.001375
-0.000288
0.000000
-0.000351
-0.000863
0.000861
-0.000507
0.001649
-0.000218
0.000000
0.000000
-0.001712
-0.002362
-0.000212
-0.001722
0.002939
0.001916
-0.000128
-0.001217
-0.000080
-0.000121
0.000119
0.000850
-0.000199
-0.000084
-0.000566
-0.001044
-0.000566
0.000000
-0.000090
0.000473
0.000374
-0.001035
-0.000282
0.001312
0.000281
-0.000280
0.000644
0.000000
-0.000459
-0.000457
0.000558
-0.000661
0.000454
0.000174
0.000000
0.000897
0.000000
-0.000337
-0.001110
-0.001666
0.000443
0.000164
-0.001388
0.000230
-0.000993
-0.000076
0.001266
-0.000473
-0.000831
0.001072
0.000092
-0.000493
-0.002766
-0.001387
-0.000747
-0.001491
-0.003591
0.000540
-0.003743
0.003598
0.000555
-0.001103
0.000264
0.000000
0.000140
-0.004577
-0.005308
0.002376
0.000283
0.000688
0.000155
-0.002506
-0.001946
0.000147
0.001427
-0.002411
-0.001818
-0.001798
0.001213
-0.000185
-0.004170
-0.004196
0.000964
-0.002167
0.000917
0.002350
0.002734
0.003937
0.000389
-0.001538
-0.001098
-0.006901
-0.001009
0.000503
0.002272
0.000720
0.002780
0.000982
-0.000479
-0.002361
-0.001022
-0.001273
0.003832
0.004526
-0.001083
0.004590
0.001074
0.001606
-0.000624
-0.000801
0.000000
-0.001165
0.000535
0.001334
-0.001332
0.000901
0.001303
0.000450
0.000265
-0.000375
-0.000112
-0.000301
-0.000569
-0.002870
-0.001929
-0.002390
-0.001011
0.003984
0.001458
-0.001513
-0.000594
-0.000199
0.000726
-0.001843
0.002020
-0.003009
0.001112
0.000958
0.001600
0.001509
0.003224
0.001550
-0.000099
-0.002222
-0.001442
-0.001096
0.000063
0.000000
-0.000374
0.002359
-0.001883
0.001580
0.002551
0.001316
-0.002627
-0.002260
-0.002271
0.002487
-0.000473
0.001090
0.000372
-0.001461
-0.000732
-0.000733
0.000643
-0.000390
0.000254
-0.001017
0.002788
0.001513
0.000778
0.000956
0.001364
-0.000272
-0.001058
0.001537
0.000037
0.003077
-0.000531
0.000173
-0.001196
0.001731
0.000506
-0.001518
0.001989
0.001708
0.002933
-0.001931
0.003359
-0.001680
0.001219
0.000238
-0.001931
-0.000486
-0.001934
0.000241
0.000483
-0.000729
0.000476
-0.001427
0.000482
-0.000706
0.001658
0.001191
-0.001676
0.000000
0.000976
-0.001663
0.000944
-0.000701
0.000490
0.000699
-0.001872
-0.000222
-0.001223
0.000475
-0.001226
0.000277
0.000060
0.000902
-0.000427
0.000874
0.000731
-0.002047
0.000836
0.000704
0.001586
-0.000411
-0.000234
-0.000436
0.000839
-0.001397
0.002324
-0.000200
0.001801
-0.000621
0.001770
0.001037
-0.001532
0.001296
-0.000418
-0.001144
0.004292
-0.000641
0.002489
-0.000861
0.000000
-0.000943
-0.000406
0.000451
0.001799
0.001919
-0.000223
0.000175
0.002788
-0.000291
0.000392
0.000000
0.000442
0.000386
0.001153
0.000439
-0.003107
0.002821
0.000641
-0.002850
-0.001711
0.001693
0.000399
0.001367
0.001519
0.000028
-0.000063
-0.001411
-0.000085
-0.003741
0.001814
-0.000418
-0.000068
0.000493
0.000575
-0.001360
0.000286
-0.001291
-0.000855
0.000717
-0.000140
-0.001436
0.000214
-0.001284
0.000642
0.002402
0.000771
0.000157
-0.000423
-0.000130
0.002282
0.000000
0.000374
0.000083
-0.000669
-0.001463
0.004245
0.001574
0.000000
-0.001718
0.001446
-0.001801
0.000206
-0.001652
-0.000297
0.000230
-0.000411
0.000709
-0.001549
-0.001550
0.000980
0.001325
0.001850
-0.000213
0.000194
-0.000098
-0.002029
0.000104
0.000605
0.000302
0.000303
-0.000606
0.000000
0.001201
-0.001108
-0.000201
-0.000594
0.000697
0.000293
-0.000200
-0.002090
0.000400
0.000018
0.001479
0.000793
-0.001499
0.002635
-0.000395
0.001771
0.000392
0.000113
-0.000196
0.000000
-0.000195
0.001557
0.000740
-0.002098
0.001590
0.000654
-0.000149
0.000578
-0.000192
0.000622
0.000312
-0.001219
-0.000542
-0.002109
0.000575
-0.000641
0.000000
-0.000954
-0.000632
-0.000191
0.000634
0.000886
-0.000252
-0.000440
-0.000250
0.001261
0.000493
0.000852
0.000130
0.000448
0.000165
0.000264
0.000000
0.000426
0.000186
0.000926
0.000420
0.000369
-0.001884
0.000000
-0.000600
0.000782
-0.000367
-0.001056
0.000460
0.002007
0.000043
0.001633
-0.000042
0.000625
0.000259
0.000219
0.000821
0.000000
-0.000359
0.000179
-0.000214
-0.000645
0.000850
0.002563
-0.001591
0.001672
-0.001058
0.000000
0.000849
0.001282
0.000762
0.000027
-0.001019
0.000000
0.000843
-0.000520
0.000865
-0.000667
-0.000713
0.000344
0.000172
0.001201
0.001006
0.000683
-0.000170
0.000323
-0.001085
0.001848
0.000874
0.000322
-0.000168
0.000155
-0.000193
-0.001019
-0.000011
-0.000146
0.000540
-0.000528
-0.000185
-0.001296
0.001160
-0.000697
-0.002291
0.002000
-0.000169
-0.000169
0.000168
0.000003
0.000172
-0.000819
-0.000328
-0.000164
0.001141
-0.000325
-0.000805
0.000002
-0.000162
-0.000003
0.000653
-0.000170
-0.000316
0.000161
0.001903
0.000007
-0.000303
-0.000620
-0.001547
0.000141
-0.000766
-0.002043
0.000272
0.001062
-0.000426
-0.001373
0.000617
0.000472
0.000015
-0.001826
0.001509
0.000648
0.000034
0.000416
0.000000
0.000311
0.001314
0.000423
0.001878
-0.000050
0.001070
-0.000327
0.000282
0.000410
0.001235
0.000071
-0.000054
-0.000802
0.000824
0.000997
-0.000422
0.000473
0.000148
0.000148
-0.000296
-0.000979
-0.000293
0.000820
-0.001491
-0.000147
0.000063
0.000310
-0.000714
-0.001137
-0.001284
-0.000259
0.000111
0.000476
0.000074
