-0.000640
-0.000277
0.005015
0.003901
0.003548
-0.004479
0.004016
0.003686
-0.003350
-0.002778
0.007219
0.002139
0.001521
0.001954
-0.003020
0.003479
0.004205
0.001344
-0.002542
0.003436
-0.002685
-0.003602
0.003005
0.004026
0.003265
-0.005641
0.003122
0.001792
0.003990
-0.001321
0.004962
0.002041
-0.001007
0.009784
0.007632
-0.008911
-0.000857
-0.001122
0.003294
-0.000557
-0.001581
0.001839
0.001704
0.000425
0.008425
-0.002387
-0.001930
-0.006404
0.001877
-0.002981
-0.001711
0.000000
0.006929
0.001509
0.002401
0.001256
-0.000718
0.000300
0.010232
0.005411
-0.007757
0.001643
-0.000113
-0.003477
-0.002068
-0.006674
-0.001568
-0.003575
0.002958
0.007418
-0.000831
-0.002808
-0.000109
0.001143
0.000000
0.002695
-0.001447
-0.002500
-0.002932
-0.003687
0.002216
0.000419
0.000315
0.000630
0.002094
-0.003250
0.004918
-0.004724
0.004286
0.003322
0.002279
-0.004135
-0.000831
0.006198
-0.001742
0.003189
0.000409
0.000000
0.000376
0.000000
-0.001133
-0.000818
0.000225
0.005205
0.002022
-0.000896
-0.001530
-0.006848
0.000731
-0.002790
-0.002716
0.003715
0.001792
-0.000647
-0.001232
0.000736
0.005307
-0.002118
-0.010049
0.003223
-0.002398
-0.003245
0.001251
0.008015
0.000410
0.001147
-0.000330
0.002288
-0.002194
0.001553
-0.005394
0.000744
0.003169
-0.001149
0.002115
-0.000555
-0.002933
0.003192
-0.002710
0.000409
-0.001708
-0.000481
-0.000678
0.000821
0.000000
0.002791
0.000883
0.000000
0.006063
0.000802
-0.001269
-0.001077
-0.002487
0.006832
-0.000799
0.001869
0.001651
-0.000123
0.000457
-0.000975
-0.000100
-0.000118
0.002259
-0.000116
0.002701
0.000785
0.002124
0.000390
-0.003805
0.000000
-0.001234
0.001626
-0.002019
-0.002263
0.000343
0.001921
0.001180
0.004351
0.000000
0.002330
0.000387
0.001159
-0.000386
-0.003098
0.000730
0.003817
0.002258
0.000045
0.002629
0.000718
-0.001861
-0.000763
0.001103
0.000000
-0.001991
0.001327
0.001602
0.001517
0.000679
0.000679
-0.002190
-0.004383
0.000000
-0.000073
0.004802
-0.001201
-0.001139
0.001174
-0.003527
0.002911
-0.004442
0.001212
0.000350
0.000350
0.002629
-0.000439
-0.002161
-0.000351
0.001054
0.000351
-0.001057
0.000353
0.003598
0.000351
0.000000
-0.003023
0.000125
0.000354
0.001134
0.000000
0.002259
-0.002947
0.002571
0.001126
0.001455
-0.001851
-0.002255
0.000396
-0.005978
0.000000
0.001086
0.001480
0.001151
0.002276
0.000392
0.000750
-0.005135
-0.002261
-0.005393
0.002284
-0.000804
0.003774
0.000771
-0.008372
0.001899
-0.001131
-0.000385
0.002675
0.001900
-0.000381
-0.004963
-0.001566
-0.001910
0.000774
0.000000
0.000772
-0.006182
-0.000011
-0.001157
-0.003921
0.000769
0.001178
0.002348
0.001948
0.002717
-0.000001
-0.001939
-0.003112
-0.001563
-0.001960
-0.002753
-0.000790
0.000395
0.000788
-0.000005
0.002363
-0.001183
-0.000393
-0.003951
-0.001569
0.004347
-0.000394
-0.001171
0.002384
-0.003545
-0.000791
-0.001173
-0.000823
0.001189
0.000396
-0.001567
-0.001588
-0.001592
0.000000
-0.001177
-0.000421
0.001928
-0.001971
0.000752
-0.000376
0.000423
0.000796
0.001615
0.001135
-0.000341
-0.002407
-0.004386
-0.002779
-0.008104
0.001942
-0.004113
0.002485
0.001187
0.000441
-0.002070
-0.002041
0.000447
-0.001891
0.001597
0.000777
-0.004418
-0.006610
-0.001621
0.000373
0.000000
-0.005013
0.000000
-0.003460
-0.006313
-0.000426
0.002128
0.005915
0.003719
0.005453
-0.002954
-0.012540
0.002118
0.001688
0.002103
-0.002581
0.002103
-0.004694
-0.002787
0.001575
0.003019
0.002102
-0.003366
0.008251
-0.002854
-0.000418
0.000000
0.000284
-0.008901
0.000778
-0.000708
0.003377
-0.001335
0.000494
0.005579
0.003255
0.004394
0.002682
0.001079
0.004547
-0.002842
0.001549
0.000734
-0.002435
0.001702
-0.002437
0.001705
-0.001786
0.004374
-0.002021
-0.001621
0.000000
0.000490
0.003803
0.005206
0.000084
0.001902
-0.001105
0.001984
-0.001102
-0.002695
0.001194
0.000705
-0.006109
-0.004832
0.000498
0.001210
-0.001592
-0.001213
-0.002839
0.000000
-0.001120
-0.000407
0.002132
-0.000405
-0.000913
-0.001323
0.001917
-0.005282
0.001317
0.003571
-0.001945
0.000622
0.004045
-0.005045
0.000406
0.003127
0.000151
-0.000223
-0.002606
-0.001622
0.001278
-0.001972
-0.001220
0.000351
0.000000
0.001909
-0.002028
-0.001988
-0.002859
-0.000410
-0.001105
0.003271
0.003211
-0.001257
-0.000187
-0.003256
-0.000944
0.001655
-0.000686
-0.000537
-0.000553
-0.002308
-0.003430
0.002342
0.001363
0.001225
-0.002589
0.001091
0.001769
-0.002040
-0.000279
0.001224
-0.002860
0.000678
0.000817
0.000143
0.000287
-0.000144
-0.000815
-0.001343
0.000000
-0.002194
-0.003287
-0.001913
-0.002332
0.001655
0.000306
0.002319
0.000153
-0.000977
0.000978
0.000410
-0.000410
0.000506
0.003928
-0.006134
0.001391
-0.000660
-0.000234
0.000000
-0.000984
0.000000
-0.001479
-0.001894
0.000000
0.001067
-0.000823
0.002370
0.000651
0.000240
0.001328
0.001998
-0.002207
-0.000644
-0.000236
-0.002453
-0.002110
-0.002057
0.000355
0.003927
0.001455
-0.002042
0.003084
-0.002854
0.002039
-0.003446
-0.002232
0.000042
0.001680
0.001529
-0.001333
0.000443
-0.003871
-0.000633
-0.004219
-0.000798
0.002725
0.002902
0.003244
0.000000
0.009693
-0.000401
-0.002811
0.002619
0.001600
0.002775
0.001825
0.001541
-0.004942
-0.003005
0.002000
0.004169
0.000589
0.014632
-0.002703
-0.000384
0.000387
-0.000191
0.005774
-0.000954
0.000000
-0.004997
-0.000386
0.002498
-0.003455
0.001141
0.004990
0.003827
-0.003807
-0.002115
-0.003121
0.001973
0.003113
0.009831
0.001324
-0.002825
0.004690
0.000169
-0.006565
-0.003360
0.000886
0.002507
0.002209
-0.002792
-0.001129
-0.000091
0.001832
0.000681
0.002240
-0.000958
0.007991
0.001259
-0.002205
0.001470
-0.002669
0.002421
-0.004541
-0.000740
-0.002357
-0.000946
0.003186
-0.002385
0.000141
0.000075
-0.000889
0.002221
-0.001256
0.000000
0.000739
0.004110
-0.000163
0.001629
0.000365
0.000053
-0.001687
-0.002705
0.007025
0.002894
0.000093
0.001840
-0.002575
-0.002301
-0.002540
0.002407
0.000593
-0.000377
-0.000723
-0.000775
-0.001449
0.001048
-0.002776
-0.004618
0.001910
0.001719
-0.002792
0.000000
0.011335
-0.000479
-0.001673
-0.003000
-0.001203
0.000365
0.000108
-0.001806
-0.000829
-0.003398
0.002544
0.000987
-0.000838
0.002033
-0.000834
-0.000473
0.002745
-0.001908
-0.002999
-0.005710
-0.005653
0.002980
0.000000
0.000000
0.000107
-0.002830
-0.000107
0.003769
0.000211
0.001094
-0.002189
0.000832
0.000101
0.001355
0.000363
0.004701
0.002156
-0.000813
0.000717
0.002146
0.003912
0.000000
-0.001154
-0.000346
0.001507
-0.002571
-0.001066
0.001153
0.000355
-0.002130
-0.005716
0.000272
0.004200
0.000000
0.000794
-0.000438
-0.001066
-0.002769
-0.002227
-0.001354
0.000717
0.001869
-0.002504
-0.001795
0.000281
-0.005048
0.001548
0.000436
0.000000
0.002158
-0.002517
0.000287
-0.000288
0.001511
-0.001578
0.000578
0.000718
0.002078
-0.001652
0.000492
-0.000715
0.001006
-0.006522
0.001081
-0.002162
0.001315
-0.001018
-0.002165
0.000661
-0.001507
0.001385
0.000000
-0.003077
0.000304
-0.001812
0.001144
0.000362
-0.001085
-0.000779
0.000724
0.000670
-0.001031
-0.000105
-0.001447
0.000000
-0.002902
0.000363
-0.000315
0.001812
0.003514
0.000360
-0.000856
0.002109
0.006679
-0.000269
-0.002568
0.003232
0.001643
0.001328
-0.003954
0.000353
-0.000038
0.000036
0.000000
-0.000634
-0.001766
0.000035
0.004541
0.000000
0.002543
-0.000698
0.000698
0.000059
0.001709
-0.003159
0.004487
-0.000291
-0.003494
-0.000296
0.001414
-0.000694
0.000000
-0.000739
0.001062
0.001384
0.001056
0.000730
-0.000707
-0.000689
-0.001361
-0.002785
-0.002100
-0.000364
0.000726
0.000408
-0.001765
0.000333
0.000347
-0.000334
-0.003103
-0.001406
0.000000
0.000349
0.001053
0.002773
-0.000692
0.000691
-0.000691
0.005835
0.002034
0.000340
-0.000341
0.001023
-0.000682
0.001360
-0.002040
0.000001
0.001018
0.001014
0.003037
-0.000337
0.001004
0.000007
0.000997
0.000669
0.000668
-0.001661
0.002323
0.001013
0.003644
-0.000016
-0.000643
-0.000660
-0.000640
-0.000331
0.001651
-0.001320
0.001293
0.000000
0.000630
0.002296
0.000357
-0.003243
0.000656
-0.001641
-0.001246
0.001900
-0.000656
0.001272
0.001960
0.000326
-0.001263
-0.005569
-0.001977
-0.001085
-0.000187
0.000000
0.001648
0.002627
-0.000718
-0.002299
-0.000658
0.001970
-0.001312
-0.000388
0.001045
0.000594
-0.001573
0.001443
0.000719
-0.001174
0.000000
0.001630
0.000396
-0.000976
-0.002936
0.000000
-0.001308
0.000404
-0.000732
-0.003280
0.001385
0.000655
-0.000327
-0.003365
-0.001317
-0.001406
0.002126
-0.000896
-0.000091
-0.000328
0.000800
-0.000328
0.001215
0.000654
0.000424
0.001108
-0.001529
-0.000877
-0.003170
0.000000
-0.001537
0.000328
-0.000656
0.000000
-0.000657
0.000984
0.000000
-0.002197
0.000000
0.000961
0.000982
-0.004053
0.001471
-0.000778
0.000574
-0.001640
-0.000657
-0.001643
-0.001317
0.005448
0.000979
0.000132
-0.000651
0.000842
0.003587
-0.000511
0.001153
-0.002442
-0.002267
-0.000509
-0.000283
-0.000144
0.001440
0.001904
0.001173
0.001138
-0.000493
0.000641
-0.002395
0.001604
0.000000
-0.001756
0.002395
-0.000008
-0.000795
-0.000320
0.000479
0.000955
0.000318
-0.003023
-0.000483
-0.005280
0.000811
0.000794
-0.001114
-0.000964
0.001283
-0.001604
0.002591
-0.001775
0.000464
0.000000
-0.001919
-0.000962
-0.001284
-0.000460
-0.000642
0.003657
0.000638
0.002971
0.000000
-0.002476
0.001586
-0.000317
0.002845
-0.000631
0.000000
-0.000315
-0.003791
0.000000
-0.006483
0.006241
-0.003169
-0.000570
0.000635
0.000653
0.000753
-0.000208
0.001155
0.000315
0.000735
0.000000
-0.001257
0.000528
0.000314
-0.000627
0.000096
0.000000
0.000438
-0.001159
0.000533
0.000223
0.000848
0.000000
0.000536
0.000000
-0.000311
-0.000933
0.000000
0.003262
0.000159
-0.001159
-0.001624
-0.001861
-0.001941
0.001318
-0.000621
0.001001
-0.001550
-0.000828
0.000000
-0.000376
0.001175
0.000000
0.000000
0.000556
0.000119
-0.001735
0.000000
-0.002589
-0.004410
-0.001614
0.000942
-0.002862
-0.002034
-0.000840
0.001566
0.000984
-0.000266
0.003158
0.000000
-0.000620
-0.000620
-0.000310
0.003711
-0.000887
0.002425
0.000000
-0.004033
-0.000650
0.001541
-0.000923
-0.000308
0.001899
-0.000360
0.000919
-0.000611
-0.001508
0.000285
-0.000612
0.000000
-0.000918
0.001223
0.000626
0.000320
0.000899
0.003052
-0.000367
0.001207
-0.000904
0.002400
0.001210
-0.000304
0.000000
-0.000598
-0.001200
-0.000299
-0.001197
-0.001202
0.000003
-0.000306
0.000006
0.000599
-0.000584
0.000299
0.000009
0.000298
0.002034
0.001509
0.000282
0.000577
-0.002348
-0.001464
-0.000612
-0.003511
0.001171
0.000274
0.001577
0.000272
0.000000
0.001822
-0.000588
-0.000942
-0.000620
0.000295
0.001733
0.001205
0.000035
0.000584
-0.001132
0.003968
0.000000
0.000329
-0.003482
-0.000623
0.000624
0.000781
-0.001741
-0.000442
0.001403
0.001976
-0.001921
0.000086
0.000392
-0.000105
-0.001284
0.000344
-0.000577
0.001439
-0.000288
0.000000
-0.001663
-0.000288
-0.000637
0.000000
-0.000639
0.000706
0.000067
0.001212
-0.000708
0.000286
0.000285
-0.001712
-0.002575
-0.000212
-0.001946
0.003719
0.001916
-0.000697
-0.000853
0.000000
0.000000
0.000119
0.000650
-0.000199
-0.001019
-0.000109
-0.000937
-0.000761
0.000000
-0.000373
0.001222
0.000282
-0.001035
0.000564
0.001312
0.000281
-0.000183
0.000742
0.000181
-0.000739
0.000178
-0.000176
-0.000558
0.000350
0.000557
-0.000236
0.000619
-0.000108
-0.000337
-0.001001
-0.001612
0.000443
-0.000278
-0.001225
0.000115
-0.001110
0.000319
0.001345
-0.000711
-0.000673
0.000918
-0.001013
-0.000247
-0.002766
-0.000528
0.000277
-0.001491
-0.005115
0.001341
-0.003858
0.002921
0.000709
-0.001103
0.000528
0.000000
0.000277
-0.003880
-0.004606
0.004328
0.000419
0.000267
0.000132
-0.002903
-0.001507
-0.000147
0.001514
-0.002217
-0.002073
-0.001950
0.003185
-0.001016
-0.004482
-0.004881
0.001682
-0.002402
0.001281
0.002159
0.002734
0.004098
0.000227
0.000008
-0.000934
-0.007900
0.001554
-0.000613
0.002547
0.001059
0.003054
-0.000924
-0.000376
-0.002261
-0.001645
-0.000923
0.003384
0.004448
-0.001543
0.004683
0.001780
0.002225
-0.001246
-0.000621
-0.001516
-0.001251
0.000620
0.001250
-0.000799
0.001535
0.000484
-0.000450
0.000451
0.000000
-0.000641
-0.000301
-0.000569
-0.003135
-0.000867
-0.002585
-0.001544
0.004583
0.001262
-0.002174
-0.000330
0.000990
0.000726
-0.001179
0.001557
-0.003536
0.001112
0.000551
0.001338
0.001769
0.003483
0.001603
-0.000152
-0.002169
-0.002117
-0.000986
0.001098
0.000000
-0.000163
0.003460
-0.001617
0.001662
0.000596
0.000978
-0.002547
-0.003285
-0.002091
0.004058
-0.002006
0.001090
-0.000034
-0.001716
-0.000543
-0.000351
0.002197
-0.002540
0.000340
-0.000536
0.002562
0.001764
0.001006
0.000776
0.001546
-0.000978
-0.001729
0.001268
-0.001211
0.003059
-0.000531
0.000466
-0.000729
0.001277
0.000494
-0.001271
0.001743
0.003167
0.002933
-0.000973
0.001942
-0.001442
0.000731
0.001433
-0.001931
-0.000723
-0.001209
0.000241
0.000483
-0.001449
-0.000002
-0.000936
0.000241
-0.000235
0.001670
0.000479
-0.001445
-0.000009
0.000976
-0.000977
0.000944
-0.001165
0.000504
0.000713
-0.001887
0.000253
-0.001646
0.000457
-0.001902
0.000000
0.001425
0.000946
-0.000427
0.000143
0.001202
-0.002047
0.000888
-0.000027
0.002260
-0.000355
-0.000058
-0.000761
0.001071
-0.001037
0.002092
0.000033
0.001317
-0.000391
0.002460
0.000386
-0.001606
0.001106
-0.000189
-0.001184
0.004064
-0.000537
0.002080
-0.000053
-0.000044
-0.001306
-0.000632
0.000272
0.002425
0.001552
-0.000084
0.000175
0.002232
-0.000342
0.000989
-0.000052
0.000494
0.000386
0.000934
0.000932
-0.002943
0.003627
-0.000013
-0.003069
-0.002452
0.001812
0.000874
0.000870
0.001735
-0.000496
0.000622
-0.001387
0.000883
-0.003958
0.001366
-0.000365
-0.000068
0.000861
0.000140
-0.001075
-0.000359
-0.001650
0.000288
0.000503
0.000000
-0.001361
-0.000075
-0.001207
0.000778
0.002828
0.000983
0.000157
-0.000211
0.000633
0.001571
-0.000210
0.001085
0.000459
-0.000461
-0.001588
0.003745
0.001866
0.000120
-0.002252
0.001422
-0.001475
-0.000738
-0.001471
-0.000182
0.001716
-0.001235
0.000709
-0.001361
-0.001756
0.001185
0.001844
0.001836
-0.000417
0.000503
0.000008
-0.001924
0.000099
0.000707
-0.000101
0.000101
-0.000708
0.000000
0.001103
-0.001108
-0.000305
-0.000288
0.000792
0.000200
-0.000093
-0.002090
0.000183
0.000816
0.001171
-0.000220
-0.000904
0.002264
-0.000876
0.001967
0.000392
0.000113
-0.000392
0.000000
0.000000
0.001327
0.000971
-0.001941
0.001746
0.000353
-0.000193
0.000652
0.000045
0.000576
0.000240
-0.001077
-0.000976
-0.001795
0.000767
-0.000573
0.000315
-0.000763
-0.000632
0.000125
0.000507
0.000696
0.000000
-0.001269
0.000128
0.001261
0.000811
0.000245
0.000360
-0.000244
-0.000208
-0.000241
0.000000
0.000612
0.000000
0.000556
0.000084
0.000419
-0.001613
0.000234
-0.000189
0.000735
-0.000367
-0.000551
0.000643
0.001868
0.000279
0.001270
-0.000042
0.000764
0.000180
0.000219
0.000359
0.000000
-0.001076
0.000215
-0.000035
-0.000501
0.001062
0.002817
-0.001768
0.001942
-0.001234
0.000674
0.000176
0.001429
0.000698
0.000000
-0.000871
0.000000
0.000694
-0.000347
0.001383
-0.000840
-0.000540
0.000344
-0.000172
0.001564
0.000000
0.000854
0.000188
0.000305
-0.001238
0.003418
-0.000322
-0.000351
-0.000336
0.000181
-0.000361
-0.000335
0.000657
-0.000824
0.000844
-0.000028
-0.000018
-0.001485
0.000180
-0.000372
-0.001971
0.002147
0.000160
-0.000329
0.000000
-0.000161
0.000495
-0.000982
0.000167
-0.000654
0.001304
-0.000977
-0.000155
0.000324
-0.000002
-0.000158
0.000485
0.000000
-0.000472
0.000310
0.001903
-0.000479
-0.000152
-0.000151
-0.001539
0.000009
-0.000926
-0.001566
0.000079
0.001221
-0.000304
-0.001677
0.001048
-0.000014
0.000000
-0.001984
0.001337
0.000089
-0.000574
0.000572
0.000000
0.000448
0.001314
0.000214
0.001971
0.000613
0.000459
-0.000978
0.000716
0.000212
0.001387
0.000571
-0.000151
-0.000676
0.000451
0.002219
-0.000720
0.000919
0.000148
-0.000268
-0.000740
-0.000802
-0.000175
0.000676
-0.001761
-0.000295
-0.000053
0.000749
-0.000520
-0.000845
-0.001284
-0.000439
-0.000111
0.000476
0.000219
