0.000610
-0.001057
-0.000167
0.000000
0.001696
-0.001690
0.000323
0.000000
-0.002586
0.000000
0.000159
0.003196
-0.001369
-0.000008
-0.001047
0.000303
0.000301
0.000000
-0.000001
0.000300
0.000746
-0.001046
0.000746
0.000146
0.000756
0.000743
0.000143
0.000940
-0.001029
-0.000900
-0.000162
0.000000
-0.000298
0.000000
0.000000
0.001130
-0.000132
0.000165
0.001190
-0.000592
0.001060
0.000129
0.000298
0.000850
0.000340
0.000372
0.000637
-0.001535
0.000777
-0.000051
0.000660
0.000608
-0.001345
0.000243
-0.000902
-0.000300
0.000000
-0.000301
0.000353
-0.000230
-0.001217
0.001006
0.000749
-0.000934
-0.000413
0.000639
-0.000114
0.001116
-0.000621
0.000309
-0.000196
-0.000723
0.000418
0.000308
0.000000
0.000524
-0.000308
0.000926
0.000000
0.000313
0.000636
0.000313
-0.000526
-0.002000
0.000000
0.000000
0.001054
-0.002525
0.001690
0.001664
-0.000117
0.000117
-0.000317
0.000197
0.000000
0.000000
0.000504
-0.003788
0.000376
0.000000
-0.000855
0.000000
-0.000594
0.000092
0.000000
0.000943
0.000000
0.000000
0.000321
0.001284
-0.000973
0.000502
-0.000499
-0.002204
0.000971
-0.000326
0.002935
0.000000
-0.002378
0.001245
-0.001155
-0.002161
-0.000417
0.000082
-0.000081
0.001804
0.000408
-0.000236
0.000156
0.001068
0.000407
-0.000077
0.000076
-0.000408
-0.001335
0.000074
-0.000073
0.000000
0.000000
0.000672
-0.000072
0.000338
-0.000339
0.000340
0.000000
-0.000682
0.000000
0.000407
-0.000746
0.000000
0.000270
-0.000207
-0.000403
0.000275
-0.000336
0.000337
-0.000948
0.000944
0.000792
-0.000975
-0.001013
0.000616
-0.000339
0.000000
0.000337
0.000337
-0.000337
0.000055
0.000670
0.000000
-0.000392
-0.000287
-0.000053
-0.000288
-0.000396
0.000343
0.000102
0.000393
0.000339
-0.000340
-0.000339
0.001016
0.000000
-0.000339
0.000248
0.000092
0.000679
0.000000
0.000000
0.000000
0.000000
-0.000339
0.000298
0.000000
-0.000299
0.000302
0.001103
-0.000682
-0.000039
0.000000
0.000680
-0.000037
0.000000
0.000346
0.000764
-0.003137
-0.000035
0.001071
-0.000793
0.001592
-0.001074
0.001050
-0.002167
0.000731
-0.000031
0.000379
0.000698
0.000702
-0.001115
-0.000029
0.000083
0.000027
-0.000027
0.001427
0.000000
0.000000
-0.001088
-0.001064
0.000354
0.000000
0.001462
0.000000
0.000710
0.001126
-0.000708
0.000000
0.000000
0.000000
-0.001430
0.000362
-0.000362
0.000362
0.000722
0.000000
-0.000032
0.000000
-0.002523
0.000000
-0.000058
0.002623
0.000382
0.000395
0.000392
-0.000771
0.000024
-0.000373
0.000374
-0.001907
0.001117
0.000000
0.000000
0.000376
0.000000
-0.000753
0.000000
0.000386
0.000374
-0.000770
-0.000385
0.000763
-0.000387
0.000389
-0.000384
0.000000
0.000000
-0.000774
0.001541
0.000774
0.000000
0.000000
0.000000
0.000000
-0.000003
0.000000
-0.000789
0.000006
-0.001570
-0.001159
-0.000007
0.000008
-0.000794
0.001541
-0.002356
0.000800
0.000000
0.000381
-0.000382
-0.001544
0.000015
0.000380
0.000000
-0.000379
-0.000684
0.000000
-0.000039
-0.002566
0.001552
0.001059
-0.000376
0.000375
0.000050
0.001092
-0.000770
0.000316
0.001131
-0.000367
-0.000427
-0.001392
0.000712
0.000472
0.000340
0.000000
0.000000
0.000000
-0.000071
0.000407
0.000779
-0.002788
-0.000781
-0.000039
0.001422
-0.003285
0.000744
0.001117
0.000000
-0.000694
-0.001492
-0.000048
0.000421
0.000000
-0.001502
0.001542
0.001472
0.000678
-0.000414
-0.002589
-0.000313
0.000000
0.001739
0.000305
-0.000422
-0.001379
0.000906
0.000303
-0.000301
0.001851
-0.001911
0.000064
0.000513
-0.000065
0.000000
0.000768
0.000700
-0.002202
0.001337
-0.002259
0.000000
0.001541
0.001812
0.000961
-0.000341
0.000000
-0.000262
0.000408
-0.000331
0.002866
-0.000888
-0.001062
0.000657
-0.000982
0.000733
-0.000406
0.000407
-0.000566
-0.000405
0.000405
-0.000321
0.001703
0.000085
0.002217
0.001022
0.000086
0.000000
-0.000221
-0.000706
0.000706
-0.000488
-0.001533
0.000401
0.000280
-0.000190
-0.000286
0.000211
0.000712
0.000000
-0.000306
0.000000
-0.000920
-0.000812
0.000102
0.001622
0.000397
-0.000904
-0.000212
0.001719
-0.000214
0.001433
0.000297
-0.007270
0.002215
0.000406
0.000151
0.000069
0.000403
0.000000
0.002491
-0.000234
-0.000639
-0.000403
0.001850
-0.001578
0.000809
-0.000360
-0.001269
0.000409
0.000000
0.000695
-0.000373
0.000157
-0.001000
0.000000
0.000000
0.000000
0.000000
-0.000129
-0.001385
0.000000
0.000000
0.000699
0.000000
0.000000
0.000000
0.000000
0.000000
0.001221
-0.000539
-0.000269
0.000268
0.000678
-0.000127
-0.000817
-0.000265
-0.000144
0.000645
0.000000
0.000000
-0.000113
0.000000
-0.000412
-0.000525
0.000567
-0.000260
0.000413
-0.000670
0.000924
0.000000
-0.000254
-0.000253
-0.000253
0.000914
-0.001471
0.000000
0.000908
0.001566
0.000000
-0.000737
0.001148
0.000000
0.000246
0.000000
-0.000168
0.000093
-0.000655
0.000482
-0.000169
-0.000783
-0.000921
0.000707
0.000923
-0.000236
0.000174
0.001053
-0.000645
0.000000
0.000000
-0.000179
0.001551
-0.001688
0.000179
-0.002686
0.002929
0.000409
-0.000679
-0.000226
0.000568
-0.000330
-0.000595
-0.002897
-0.000822
-0.000697
0.000000
0.000000
0.002109
0.000794
0.000000
-0.000213
0.000629
-0.000610
0.000402
0.000016
-0.000206
-0.000352
0.000588
0.000578
0.000187
-0.000198
-0.000592
0.000390
0.000199
0.000386
-0.001933
-0.000195
-0.001548
0.002498
-0.000195
0.000403
-0.000383
0.000012
0.000746
0.000000
0.000957
0.000000
0.002107
-0.000959
-0.001306
-0.000791
0.000000
0.000820
0.000177
0.000000
-0.000748
0.000236
0.000711
-0.000575
-0.000888
-0.000247
0.000169
0.001374
-0.000416
-0.000585
-0.001175
0.000917
-0.000279
0.000427
-0.000480
0.001068
-0.000994
-0.000056
0.000309
0.000887
0.000246
-0.000731
0.000000
-0.000066
-0.000726
-0.000303
0.000589
-0.000009
0.000075
0.000815
-0.000224
-0.000446
0.000000
-0.000209
-0.000594
-0.000103
-0.000059
0.000000
0.000192
-0.000226
0.000139
-0.000416
0.000226
0.000637
-0.001135
0.000569
-0.000664
-0.000592
0.000758
0.000231
-0.000117
-0.000621
-0.000620
0.000107
0.001175
0.000724
-0.000473
0.001051
-0.000354
-0.001821
0.000000
0.000000
0.000363
-0.000119
0.000000
0.000002
0.000722
0.000108
-0.000722
0.000012
0.000349
0.000000
-0.000462
0.000134
0.000227
-0.000834
-0.000586
0.000335
0.000250
-0.001365
0.001009
0.000110
0.001400
0.000109
0.000000
-0.000107
-0.000305
-0.000533
0.000105
0.000575
-0.000730
-0.000205
0.000467
0.000403
0.000264
-0.000428
0.000264
0.000067
0.000095
-0.000264
-0.000264
0.000000
0.000000
0.000435
-0.001676
-0.000265
0.000000
0.000532
0.000000
-0.000087
0.000354
-0.000173
0.000087
-0.000547
0.000271
0.000084
-0.000272
0.000000
-0.000162
-0.000081
-0.001192
0.001112
0.000876
0.000201
0.000078
0.000155
0.000000
-0.001348
0.000151
-0.000435
-0.000360
0.000000
0.000287
0.000000
0.001727
-0.000212
0.000219
0.000000
0.000290
-0.000869
0.000358
0.001005
-0.000584
0.000000
-0.000064
0.000064
-0.000064
0.000297
0.000000
0.000300
-0.000300
0.000301
0.000000
-0.000489
0.000304
0.000115
0.000114
-0.000057
0.000000
0.000307
0.000000
0.000054
0.000053
0.000000
-0.001294
0.000000
0.000000
-0.000100
0.000363
-0.000172
-0.000188
-0.000092
0.000627
0.000719
0.001657
-0.000354
0.000042
0.000669
-0.000394
0.000233
0.000039
-0.000315
0.001734
0.000000
0.000000
-0.002750
0.000036
-0.000035
-0.000033
0.000000
0.000000
0.000031
0.000031
-0.000697
0.000319
0.000000
0.000000
-0.000956
0.000958
-0.000644
0.000000
0.000025
0.000645
-0.000347
-0.000325
0.000281
0.000063
-0.000710
0.000630
-0.000306
-0.000616
0.000291
-0.000329
0.000315
0.000016
-0.000271
0.000678
-0.000319
0.000013
0.000297
-0.000657
0.000359
0.001046
-0.001065
0.000000
0.000339
-0.000338
0.000353
-0.001031
0.000317
0.000673
0.000336
-0.000677
-0.000337
0.001011
-0.000679
0.000337
-0.000679
0.000338
0.000000
0.000000
0.000000
0.000327
-0.000642
-0.000008
0.000651
0.000324
-0.000624
0.000307
0.000000
0.000317
-0.004275
0.004259
-0.000660
0.000372
-0.003004
0.002617
-0.000282
0.000634
0.000027
-0.000112
-0.000329
0.000059
0.000327
-0.000033
-0.000260
-0.000035
0.000658
-0.000077
0.000119
-0.000408
0.000326
-0.000852
0.000326
0.000329
0.000095
0.000240
-0.000049
0.000557
-0.000172
0.000539
0.000382
-0.000110
-0.000271
0.000211
0.000059
-0.000597
0.000328
0.000327
-0.000130
-0.000327
-0.001108
0.000586
-0.000444
0.000000
0.000579
0.000325
-0.000073
0.000251
-0.000500
-0.000498
-0.000237
-0.000337
-0.000162
0.000160
-0.000327
-0.000415
0.000832
-0.000117
0.000090
0.000091
0.000145
-0.000185
-0.000465
0.000231
0.000000
0.000848
-0.000295
0.000550
0.000102
-0.000121
0.000000
0.000000
-0.000441
0.000219
0.000110
0.000000
-0.000217
0.000427
-0.000442
-0.000116
-0.000234
0.000000
0.000207
0.000279
0.000084
-0.000205
-0.000407
0.000402
0.000201
0.000000
0.000130
-0.000981
0.000000
0.000193
-0.000134
-0.000763
0.000134
-0.000323
-0.000645
-0.000094
0.001296
0.000366
-0.000648
0.000180
0.000468
-0.000322
0.000175
0.000196
-0.000342
0.000150
0.000170
0.000000
0.000011
0.000961
-0.000335
-0.000952
-0.000157
0.000639
0.000000
-0.000161
0.000324
-0.000156
-0.000319
0.000949
-0.000169
-0.000321
0.000020
-0.000025
0.000000
-0.000292
0.000175
0.000000
-0.000141
-0.000079
0.000263
-0.000867
0.000459
-0.000135
-0.000321
0.000133
0.000934
0.000447
-0.000383
-0.000254
0.000130
0.000125
-0.000123
0.000242
-0.000315
0.000000
0.000990
-0.000037
-0.000233
0.000518
0.001155
0.000000
-0.001046
-0.001048
0.000523
0.001262
0.000315
0.000421
0.000000
-0.000415
0.000741
-0.000100
0.000000
-0.000025
0.000218
-0.000407
0.000438
-0.000314
-0.000090
-0.000223
0.000000
-0.000087
0.000000
0.000848
0.000000
0.000000
0.000162
-0.000309
-0.000540
0.000309
0.000000
0.000707
-0.000326
-0.000931
-0.000169
0.000720
-0.000069
-0.000107
-0.000131
-0.000246
0.000000
0.000184
0.000186
-0.000748
-0.000308
0.000000
0.000000
0.000000
0.000515
-0.000153
-0.000311
0.000784
0.000263
0.000000
0.000000
0.000000
0.000136
0.000000
-0.001551
-0.000188
0.001430
-0.000735
0.000540
0.000000
-0.000376
0.000306
0.000243
0.000000
0.000248
-0.000029
-0.000196
-0.000360
-0.000307
-0.000282
0.000045
0.000022
-0.000021
0.000000
0.000017
0.000578
-0.000595
0.000030
-0.000305
-0.000853
0.001142
-0.000020
0.000018
0.000269
-0.000288
-0.000005
0.000598
0.000293
0.000000
0.000000
-0.000595
0.000295
0.000303
-0.000296
-0.000012
-0.000293
0.000292
0.000016
-0.000589
0.000000
-0.000049
-0.000284
0.000269
-0.000281
0.000017
0.000000
0.000278
-0.000812
0.000278
0.000526
-0.000155
-0.000049
0.000000
-0.000218
0.000000
0.000207
0.000000
-0.000233
0.000494
0.000034
-0.000258
0.000257
0.000036
0.000255
-0.000251
-0.000039
0.000000
0.000249
0.000333
-0.000089
0.000000
-0.000687
0.000000
0.000000
-0.000050
0.000765
-0.001104
0.000131
-0.000129
0.000055
0.000056
0.000288
0.000230
0.000000
-0.000287
0.000000
-0.000637
0.000350
0.000223
-0.000155
0.000573
-0.000438
-0.000490
0.000286
0.000285
0.000000
-0.000213
0.000000
-0.000224
0.000783
0.000000
-0.000568
0.000363
0.000079
0.000120
0.000000
-0.000200
0.000000
-0.000934
0.000457
0.000108
-0.000195
0.000000
-0.000283
0.000750
-0.000093
0.000000
0.000846
0.000000
0.000000
0.000098
0.000098
0.000181
-0.000279
0.000634
-0.000735
0.000103
-0.000104
0.000383
-0.000236
-0.000278
-0.000108
0.000000
0.000109
0.000054
0.000000
-0.000442
0.000163
-0.000115
-0.000117
0.000395
0.000078
-0.000238
0.000156
-0.000154
-0.001104
0.000247
0.000000
0.000857
0.001023
0.000000
-0.001515
0.000801
-0.000115
-0.000682
0.000154
0.000000
0.000264
0.000000
0.000138
0.000693
0.000696
0.001960
0.000136
-0.000420
-0.000023
-0.000396
0.000438
-0.000294
0.000087
0.000193
-0.000254
-0.000152
0.001975
-0.000831
-0.000310
-0.000680
0.000720
-0.000234
0.000365
-0.000192
0.000000
0.000162
-0.000162
0.001542
0.000164
-0.000989
0.002559
-0.001116
0.000277
0.000339
0.000275
-0.001909
0.000103
0.000100
-0.000623
0.000350
-0.000450
-0.000079
-0.000459
0.000093
0.000707
0.000621
-0.000621
0.000179
-0.001516
-0.000086
0.000086
-0.000085
0.000532
0.000635
-0.000820
-0.000901
0.000186
0.000375
-0.000529
0.000000
0.000000
-0.000264
0.001059
-0.000194
-0.000532
0.000603
-0.000195
-0.000660
0.000263
0.001188
0.000000
0.000661
-0.000465
-0.000524
0.000000
-0.000407
-0.000262
0.000261
0.000260
0.000054
-0.000053
0.000052
-0.000674
0.000110
0.001034
0.000000
0.000211
0.001106
0.000265
0.000082
-0.001962
-0.000339
0.000079
-0.001021
0.000179
0.001577
-0.001532
0.000000
-0.000407
-0.000255
0.000189
0.000381
0.001555
-0.002148
0.000086
0.000480
-0.000227
0.000252
0.000227
-0.000181
0.000183
-0.000706
-0.000670
-0.000269
-0.001248
-0.000018
0.000000
0.000293
0.000466
-0.000455
-0.000013
0.000247
-0.000247
0.001463
0.000000
0.000955
-0.001424
0.000237
-0.000489
0.001196
0.000000
-0.000236
0.000722
0.000000
0.000000
-0.000719
-0.000479
0.000489
-0.000241
0.000471
0.000012
-0.000713
0.000231
-0.000009
0.000000
0.000684
0.000000
-0.000463
0.000014
0.000014
-0.000015
0.000476
-0.000422
-0.000018
-0.000675
-0.000277
0.001364
0.000044
0.000000
-0.000732
0.000471
0.000000
0.000053
-0.000732
0.000676
0.000056
0.000176
-0.000325
0.000233
0.000360
-0.000233
0.000233
-0.000485
0.000230
0.000691
-0.000652
-0.000074
-0.000191
0.000229
-0.000040
-0.000229
0.000104
-0.000411
0.000807
-0.000044
-0.000362
-0.000226
-0.000179
0.000628
-0.000367
0.000140
0.000000
-0.000558
-0.000051
0.000597
-0.000052
0.000053
0.000000
-0.000220
0.000494
0.000163
0.000810
-0.000654
-0.000218
-0.000739
0.000120
0.000475
-0.000497
0.000217
-0.000524
0.000686
0.000025
0.000968
-0.000216
-0.000449
0.000053
0.000000
0.000369
-0.000435
0.000285
-0.000645
-0.000358
0.001142
-0.000215
0.000140
0.000075
-0.000290
0.000077
0.000136
0.000427
0.000212
0.000000
0.000211
0.000764
-0.000714
-0.000210
0.000712
0.000376
0.000209
-0.000124
-0.000503
0.000293
0.000120
-0.000532
-0.000024
0.000324
-0.000945
0.000180
0.000116
0.001487
-0.000823
0.000000
0.000187
-0.000205
0.000206
0.000520
-0.000013
-0.000203
0.000309
0.000105
0.000105
-0.000005
0.000102
-0.000404
-0.000202
-0.000101
0.000000
-0.000098
0.000000
-0.000104
0.000305
0.000095
-0.000093
0.000107
0.000000
-0.000216
0.000798
-0.000309
-0.001014
0.000594
-0.000373
-0.000481
0.000197
0.000000
0.000000
-0.000196
0.000000
0.000195
-0.000231
0.000232
0.000156
0.000156
-0.000302
-0.000043
0.000074
0.000238
-0.000046
-0.000071
0.000141
-0.000434
0.000313
0.000192
0.000067
0.000315
0.000191
0.000000
0.000316
-0.000127
-0.000190
0.000251
-0.000828
0.000379
0.000000
0.000318
-0.000608
0.000230
-0.000692
-0.000374
-0.000506
0.000000
0.000186
-0.000186
-0.000371
-0.000337
0.000050
0.000270
0.000234
0.000410
-0.000047
0.000000
0.000505
0.000183
-0.000139
0.000236
-0.000364
0.000000
0.000140
-0.000079
0.000000
-0.000463
0.000000
-0.000717
0.000036
0.000178
0.000144
0.000213
0.000255
-0.000177
0.000271
-0.000176
0.000674
-0.000674
0.000147
-0.000064
-0.000027
0.000148
0.000000
-0.000149
0.000173
0.000519
-0.000173
0.000173
0.000000
-0.000344
0.000364
-0.001008
0.000171
0.000358
-0.000017
-0.000153
0.001575
-0.001197
-0.000673
-0.000168
0.000027
-0.000168
0.000682
0.000668
-0.000678
0.000303
0.000499
0.000166
-0.000189
-0.000982
0.000324
0.000318
0.000148
0.000330
-0.000161
-0.000168
-0.000164
0.000323
-0.000163
0.000495
-0.000490
0.000163
-0.000652
0.000649
0.000322
0.000159
-0.000155
-0.000169
0.000171
-0.000155
0.000149
0.000000
-0.000486
0.000151
0.000469
0.000009
-0.000132
-0.000159
0.000476
-0.000193
0.000159
0.000122
-0.000303
0.000432
-0.000486
-0.000015
-0.000157
-0.000173
-0.000559
-0.000608
0.000156
0.000000
0.000137
0.000000
-0.000209
0.000093
0.000663
-0.000612
-0.000651
0.000434
-0.000198
0.000152
0.000500
-0.000097
0.000126
-0.000374
0.001224
-0.000298
0.000446
0.000000
-0.000416
-0.000444
0.000177
0.000118
-0.000143
-0.000270
-0.000147
-0.000116
0.000440
0.000194
0.000292
0.000000
-0.000181
-0.000221
0.000000
0.000145
