5.190	5.309	5.413	5.497	5.637	5.680	5.770	5.788	5.832
5.200	5.319	5.465	5.506	5.592	5.669	5.794	5.800	5.856
5.240	5.370	5.474	5.580	5.731	5.762	5.876	5.881	5.926
5.200	5.319	5.361	5.530	5.637	5.702	5.780	5.835	5.890
5.230	5.339	5.412	5.581	5.710	5.775	5.842	5.908	5.951
5.320	5.422	5.536	5.673	5.814	5.878	5.957	6.035	6.050
5.350	5.452	5.567	5.725	5.855	5.885	5.976	6.067	6.083
5.320	5.401	5.505	5.600	5.740	5.760	5.851	5.942	5.972
5.240	5.339	5.412	5.496	5.648	5.668	5.735	5.851	5.853
5.240	5.309	5.361	5.381	5.566	5.575	5.630	5.770	5.746
5.250	5.339	5.423	5.507	5.669	5.666	5.734	5.826	5.830
5.250	5.329	5.423	5.507	5.647	5.656	5.735	5.851	5.815
5.180	5.319	5.423	5.560	5.667	5.699	5.778	5.893	5.831
5.140	5.309	5.433	5.549	5.679	5.698	5.777	5.881	5.858
5.080	5.319	5.392	5.529	5.625	5.657	5.724	5.816	5.807
5.140	5.319	5.381	5.476	5.595	5.637	5.682	5.738	5.743
5.190	5.329	5.402	5.518	5.571	5.558	5.662	5.717	5.736
5.190	5.268	5.340	5.509	5.551	5.561	5.663	5.755	5.743
5.150	5.257	5.393	5.519	5.550	5.560	5.639	5.732	5.721
5.210	5.319	5.402	5.476	5.540	5.561	5.641	5.708	5.712
5.180	5.329	5.392	5.497	5.518	5.539	5.573	5.678	5.709
5.250	5.380	5.464	5.569	5.622	5.643	5.665	5.795	5.811
5.240	5.432	5.453	5.580	5.622	5.643	5.723	5.851	5.854
5.190	5.442	5.473	5.579	5.665	5.686	5.754	5.870	5.873
5.190	5.411	5.505	5.632	5.706	5.727	5.818	5.958	5.934
5.170	5.432	5.505	5.642	5.782	5.836	5.914	6.042	6.004
5.180	5.422	5.494	5.621	5.762	5.804	5.894	6.021	5.983
5.180	5.380	5.474	5.590	5.720	5.739	5.842	5.945	5.960
5.150	5.370	5.495	5.643	5.783	5.814	5.858	6.035	6.008
5.160	5.350	5.485	5.633	5.718	5.795	5.850	5.978	5.967
5.220	5.422	5.599	5.778	5.885	6.006	6.014	6.192	6.098
5.240	5.422	5.599	5.778	5.863	5.962	6.052	6.142	6.116
5.210	5.411	5.557	5.758	5.865	5.941	5.996	6.124	6.058
5.210	5.452	5.536	5.737	5.811	5.899	5.954	6.082	6.017
5.240	5.473	5.587	5.810	5.884	5.994	6.037	6.214	6.107
5.270	5.504	5.597	5.841	5.915	6.025	6.080	6.245	6.150
5.310	5.473	5.608	5.777	5.863	5.939	6.018	6.121	6.069
5.370	5.463	5.671	5.882	5.934	6.034	6.124	6.214	6.149
5.350	5.493	5.702	5.945	6.008	6.005	6.097	6.189	6.230
5.380	5.555	5.795	6.059	6.144	6.163	6.266	6.370	6.410
5.430	5.586	5.805	6.038	6.133	6.153	6.256	6.347	6.388
5.450	5.596	5.815	6.091	6.208	6.227	6.353	6.444	6.498
5.420	5.617	5.731	6.050	6.156	6.198	6.289	6.417	6.391
5.360	5.596	5.826	6.026	6.155	6.243	6.345	6.484	6.456
5.340	5.596	5.826	6.016	6.156	6.243	6.345	6.484	6.509
5.350	5.545	5.753	5.933	6.084	6.160	6.250	6.401	6.400
5.360	5.586	5.742	5.911	6.052	6.139	6.229	6.368	6.341
5.320	5.514	5.660	5.829	5.969	6.045	6.123	6.312	6.244
5.330	5.524	5.670	5.839	5.990	6.077	6.156	6.332	6.278
5.350	5.555	5.701	5.870	6.021	6.108	6.163	6.328	6.288
5.300	5.483	5.619	5.777	5.928	6.015	6.058	6.235	6.257
5.290	5.524	5.649	5.776	5.938	6.014	6.057	6.247	6.254
5.250	5.483	5.619	5.734	5.875	5.962	6.006	6.183	6.205
5.190	5.432	5.598	5.767	5.885	5.939	6.006	6.183	6.205
5.190	5.432	5.619	5.809	5.960	6.002	6.069	6.246	6.281
5.190	5.401	5.620	5.809	5.960	6.002	6.116	6.291	6.312
5.090	5.237	5.476	5.655	5.805	5.971	6.060	6.270	6.239
5.100	5.257	5.528	5.717	5.846	6.035	6.135	6.332	6.301
5.080	5.237	5.476	5.644	5.806	5.983	6.106	6.328	6.281
5.080	5.227	5.497	5.654	5.838	6.015	6.138	6.372	6.325
5.060	5.196	5.477	5.644	5.795	5.950	6.085	6.319	6.273
5.130	5.278	5.486	5.654	5.816	5.993	6.128	6.362	6.342
5.060	5.257	5.486	5.676	5.848	6.025	6.137	6.334	6.369
5.040	5.216	5.435	5.613	5.764	5.941	6.053	6.213	6.277
5.050	5.237	5.445	5.677	5.816	5.937	6.061	6.234	6.298
5.050	5.278	5.423	5.624	5.774	5.872	6.008	6.145	6.210
5.050	5.298	5.444	5.634	5.785	5.905	6.018	6.142	6.208
5.050	5.268	5.403	5.582	5.733	5.808	5.933	6.046	6.125
5.000	5.216	5.414	5.603	5.732	5.830	5.978	6.041	6.191
4.990	5.237	5.424	5.624	5.753	5.806	5.908	6.010	6.140
4.920	5.237	5.414	5.656	5.785	5.849	5.962	6.075	6.205
4.940	5.257	5.413	5.667	5.784	5.860	5.984	6.098	6.228
4.960	5.288	5.434	5.687	5.816	5.891	5.957	6.133	6.289
4.980	5.309	5.486	5.739	5.856	5.932	6.022	6.197	6.339
4.980	5.298	5.434	5.666	5.751	5.849	5.927	6.127	6.269
5.050	5.298	5.454	5.687	5.793	5.858	5.948	6.123	6.265
5.000	5.268	5.434	5.687	5.805	5.880	5.958	6.122	6.277
5.040	5.319	5.485	5.760	5.888	5.941	6.031	6.207	6.362
5.080	5.360	5.474	5.771	5.866	5.942	6.043	6.194	6.377
5.120	5.360	5.485	5.760	5.855	5.920	6.022	6.185	6.353
5.140	5.360	5.485	5.717	5.835	5.911	6.012	6.163	6.346
5.240	5.380	5.537	5.705	5.867	5.965	6.067	6.217	6.413
5.170	5.370	5.485	5.643	5.805	5.926	6.003	6.141	6.350
5.220	5.442	5.588	5.746	5.919	6.074	6.151	6.325	6.493
5.270	5.452	5.598	5.746	5.919	6.062	6.151	6.314	6.507
5.280	5.473	5.608	5.777	5.961	6.105	6.193	6.368	6.562
5.260	5.442	5.567	5.779	5.951	6.094	6.183	6.358	6.552
5.260	5.452	5.619	5.862	6.046	6.200	6.300	6.487	6.668
5.250	5.442	5.588	5.852	6.069	6.223	6.311	6.522	6.688
5.230	5.442	5.577	5.821	6.037	6.214	6.302	6.488	6.681
5.230	5.452	5.598	5.863	6.090	6.267	6.354	6.528	6.736
5.230	5.452	5.609	5.863	6.068	6.233	6.286	6.511	6.730
5.230	5.452	5.567	5.810	6.005	6.148	6.201	6.450	6.502
5.310	5.545	5.701	5.987	6.204	6.381	6.421	6.684	6.720
5.280	5.535	5.670	5.946	6.173	6.338	6.403	6.677	6.712
5.290	5.606	5.752	6.028	6.245	6.433	6.509	6.759	6.769
5.230	5.535	5.712	6.019	6.213	6.379	6.455	6.680	6.693
5.230	5.524	5.754	6.029	6.223	6.389	6.465	6.703	6.715
5.220	5.524	5.712	5.945	6.150	6.305	6.346	6.646	6.617
5.270	5.555	5.732	5.954	6.149	6.315	6.356	6.632	6.590
5.300	5.576	5.763	5.975	6.170	6.336	6.354	6.629	6.588
5.290	5.586	5.815	6.059	6.253	6.420	6.461	6.711	6.670
5.290	5.627	5.867	6.121	6.349	6.503	6.544	6.795	6.741
5.300	5.627	5.867	6.110	6.327	6.493	6.534	6.773	6.732
5.300	5.627	5.867	6.110	6.338	6.504	6.533	6.784	6.730
5.330	5.720	5.970	6.224	6.475	6.640	6.681	6.933	6.876
5.310	5.720	5.960	6.224	6.453	6.607	6.684	6.960	6.928
5.260	5.730	5.970	6.256	6.484	6.650	6.715	6.941	6.981
5.230	5.730	5.970	6.256	6.484	6.662	6.702	6.954	6.979
5.240	5.740	5.991	6.266	6.528	6.659	6.688	6.953	6.965
5.240	5.750	6.011	6.287	6.548	6.668	6.697	6.925	7.007
5.220	5.771	6.053	6.339	6.545	6.700	6.825	7.050	7.059
5.280	5.792	6.032	6.372	6.577	6.744	6.868	7.080	7.089
5.350	5.884	6.062	6.402	6.365	6.833	6.954	7.202	7.220
5.260	5.843	6.083	6.359	6.654	6.797	6.873	7.099	7.137
5.330	5.833	6.021	6.372	6.677	6.785	6.897	7.110	7.175
5.240	5.781	5.906	6.311	6.505	6.717	6.840	7.102	7.109
5.250	5.730	5.959	6.214	6.376	6.577	6.701	7.140	6.947
5.290	5.761	6.011	6.298	6.503	6.647	6.772	7.135	7.002
5.330	5.802	6.000	6.319	6.514	6.703	6.827	7.052	7.089
5.360	5.822	6.031	6.361	6.555	6.756	6.868	7.093	7.116
5.340	5.812	6.126	6.433	6.639	6.840	6.952	7.215	7.222
5.340	5.802	6.115	6.412	6.629	6.819	6.931	7.194	7.214
5.410	5.874	6.125	6.443	6.638	6.840	6.952	7.202	7.223
5.410	5.853	6.094	6.380	6.553	6.755	6.867	7.092	7.142
5.430	5.915	6.124	6.390	6.541	6.720	6.856	7.069	7.121
5.380	5.812	6.011	6.212	6.374	6.530	6.667	6.879	6.971
5.270	5.792	6.032	6.361	6.511	6.678	6.815	7.015	7.093
5.290	5.771	6.032	6.350	6.512	6.667	6.804	7.042	7.078
5.300	5.761	6.032	6.351	6.501	6.679	6.804	7.029	7.065
5.270	5.720	6.022	6.394	6.566	6.721	6.857	7.082	7.119
5.200	5.699	6.012	6.405	6.566	6.755	6.867	7.118	7.153
5.300	5.658	5.992	6.363	6.524	6.667	6.780	7.031	7.111
5.330	5.678	6.002	6.384	6.534	6.677	6.802	7.053	7.104
5.360	5.678	5.992	6.320	6.459	6.580	6.706	6.956	7.009
5.330	5.535	5.994	6.311	6.449	6.582	6.707	6.945	6.997
5.340	5.606	5.993	6.353	6.469	6.613	6.750	6.950	6.991
5.350	5.586	5.993	6.342	6.459	6.603	6.740	6.915	6.983
5.310	5.555	5.952	6.269	6.397	6.529	6.678	6.865	6.920
5.260	5.576	5.983	6.257	6.407	6.540	6.677	6.864	6.963
5.270	5.586	5.909	6.206	6.345	6.511	6.636	6.860	6.899
5.220	5.586	5.888	6.217	6.367	6.522	6.658	6.870	6.950
5.260	5.606	5.972	6.321	6.493	6.660	6.784	7.009	7.146
5.330	5.648	6.003	6.374	6.545	6.723	6.835	7.073	7.212
5.370	5.709	6.022	6.373	6.534	6.712	6.848	7.098	7.222
5.380	5.750	6.022	6.372	6.533	6.700	6.837	7.074	7.142
5.360	5.761	6.032	6.372	6.522	6.700	6.837	7.049	7.130
5.380	5.802	6.094	6.456	6.639	6.782	6.919	7.145	7.198
5.400	5.833	6.115	6.465	6.649	6.804	6.953	7.190	7.229
5.490	5.936	6.186	6.538	6.688	6.867	7.016	7.241	7.281
5.520	5.966	6.186	6.537	6.688	6.890	7.026	7.264	7.317
5.450	5.956	6.123	6.496	6.680	6.858	7.007	7.244	7.296
5.400	5.905	6.072	6.412	6.596	6.763	6.911	7.187	7.227
5.560	6.090	6.247	6.642	6.870	7.048	7.172	7.449	7.471
5.620	6.142	6.288	6.705	6.933	7.111	7.247	7.512	7.523
5.650	6.152	6.298	6.715	6.954	7.144	7.280	7.531	7.536
5.620	6.100	6.278	6.673	6.857	7.093	7.265	7.477	7.511
5.480	6.090	6.383	6.745	6.929	7.131	7.304	7.504	7.439
5.440	6.080	6.341	6.671	6.833	7.012	7.186	7.398	7.322
5.470	6.100	6.393	6.680	6.832	7.000	7.173	7.374	7.313
5.550	6.142	6.351	6.617	6.746	6.903	7.125	7.273	7.228
5.500	6.080	6.310	6.597	6.748	6.882	7.104	7.265	7.218
5.480	6.080	6.289	6.566	6.728	6.919	7.128	7.288	7.227
5.560	6.111	6.278	6.544	6.696	6.887	7.096	7.269	7.220
5.640	6.152	6.319	6.575	6.726	6.895	7.104	7.265	7.219
5.610	6.069	6.279	6.512	6.686	6.842	6.992	7.167	7.136
5.560	6.018	6.238	6.418	6.581	6.714	6.888	7.050	7.047
5.580	6.069	6.300	6.437	6.678	6.822	6.959	7.097	7.093
5.630	6.100	6.352	6.574	6.737	6.882	7.032	7.208	7.176
5.620	6.142	6.403	6.648	6.833	6.966	7.128	7.316	7.270
5.660	6.193	6.392	6.637	6.811	7.025	7.150	7.313	7.281
5.660	6.162	6.382	6.627	6.789	6.992	7.141	7.316	7.285
5.630	6.162	6.372	6.616	6.835	7.014	7.162	7.337	7.304
5.630	6.100	6.299	6.512	6.730	6.897	7.046	7.221	7.175
5.640	6.100	6.299	6.512	6.741	6.920	7.045	7.233	7.186
5.540	6.100	6.341	6.564	6.760	6.962	7.087	7.288	7.227
5.530	6.111	6.351	6.553	6.749	6.952	7.076	7.252	7.219
5.550	6.121	6.404	6.594	6.768	6.983	7.120	7.307	7.260
5.480	6.080	6.352	6.553	6.738	6.906	7.055	7.205	7.186
5.500	6.100	6.362	6.553	6.738	6.894	7.044	7.219	7.189
5.630	6.152	6.393	6.594	6.802	6.969	7.107	7.295	7.277
5.560	6.111	6.330	6.543	6.817	6.914	7.052	7.241	7.237
5.540	6.100	6.341	6.543	6.750	6.918	7.031	7.194	7.221
5.510	6.121	6.351	6.542	6.727	6.872	7.022	7.160	7.188
5.530	6.131	6.372	6.563	6.759	6.916	7.053	7.204	7.261
5.630	6.100	6.352	6.574	6.771	6.927	7.076	7.239	7.267
5.640	6.111	6.330	6.564	6.760	6.882	7.056	7.206	7.262
5.660	6.049	6.258	6.460	6.645	6.766	6.928	7.091	7.161
5.660	6.090	6.299	6.490	6.698	6.796	6.958	7.084	7.182
5.690	6.100	6.331	6.543	6.695	6.828	6.990	7.141	7.173
5.730	6.049	6.342	6.597	6.748	6.893	7.067	7.242	7.245
5.690	6.028	6.363	6.628	6.791	6.935	7.121	7.309	7.295
5.730	6.039	6.321	6.544	6.717	6.862	7.048	7.222	7.240
5.750	6.100	6.435	6.669	6.853	6.998	7.172	7.373	7.348
5.710	6.080	6.394	6.627	6.790	6.946	7.108	7.271	7.288
5.710	6.193	6.476	6.731	6.905	7.050	7.236	7.398	7.389
5.660	6.142	6.466	6.742	6.905	7.061	7.235	7.398	7.375
5.670	6.172	6.476	6.742	6.916	7.060	7.247	7.409	7.386
5.720	6.224	6.538	6.783	6.945	7.102	7.168	7.334	7.352
5.730	6.245	6.538	6.782	6.945	7.114	7.167	7.334	7.351
5.750	6.245	6.538	6.772	6.935	7.092	7.169	7.348	7.365
5.920	6.286	6.611	6.855	7.029	7.186	7.252	7.431	7.434
5.940	6.286	6.632	6.887	7.072	7.229	7.306	7.485	7.488
5.960	6.286	6.569	6.792	6.966	7.112	7.177	7.370	7.358
6.040	6.368	6.641	6.875	7.061	7.229	7.295	7.461	7.478
6.060	6.368	6.662	6.896	7.081	7.250	7.303	7.470	7.502
6.040	6.358	6.652	6.886	7.060	7.217	7.283	7.450	7.481
6.040	6.399	6.672	6.917	7.080	7.249	7.327	7.493	7.498
5.960	6.410	6.672	6.927	7.091	7.248	7.326	7.492	7.511
5.930	6.451	6.703	6.937	7.089	7.258	7.336	7.490	7.495
6.040	6.461	6.734	6.979	7.131	7.277	7.368	7.522	7.541
6.040	6.451	6.713	6.937	7.078	7.236	7.326	7.442	7.504
5.990	6.389	6.630	6.897	7.015	7.161	7.252	7.342	7.479
5.970	6.368	6.578	6.812	6.909	7.067	7.145	7.199	7.377
6.010	6.410	6.609	6.843	6.951	7.086	7.177	7.243	7.395
5.970	6.379	6.588	6.812	6.909	7.032	7.123	7.189	7.356
5.910	6.358	6.547	6.760	6.845	7.027	7.117	7.195	7.315
5.880	6.358	6.505	6.707	6.793	6.963	7.065	7.143	7.278
5.870	6.286	6.443	6.602	6.777	6.911	7.025	7.077	7.225
5.920	6.317	6.474	6.612	6.776	6.922	7.036	7.088	7.251
5.940	6.327	6.516	6.653	6.795	6.965	7.055	7.107	7.270
5.960	6.379	6.525	6.706	6.848	6.994	7.073	7.151	7.300
5.950	6.379	6.525	6.696	6.826	6.938	7.089	7.115	7.305
5.990	6.379	6.504	6.664	6.795	6.941	7.020	7.161	7.244
6.010	6.399	6.525	6.663	6.783	6.930	7.020	7.136	7.234
6.060	6.430	6.577	6.747	6.845	6.991	7.082	7.186	7.271
5.990	6.430	6.598	6.790	6.898	7.056	7.147	7.275	7.345
5.980	6.420	6.588	6.790	6.909	7.056	7.146	7.275	7.359
5.980	6.410	6.619	6.811	6.919	7.065	7.156	7.285	7.369
6.000	6.451	6.661	6.852	6.960	7.119	7.197	7.326	7.411
5.990	6.461	6.660	6.852	6.960	7.107	7.198	7.314	7.399
6.010	6.513	6.691	6.872	6.970	7.105	7.196	7.313	7.411
6.050	6.492	6.691	6.862	6.970	7.105	7.209	7.325	7.410
6.060	6.533	6.722	6.893	7.001	7.160	7.238	7.342	7.455
6.070	6.533	6.722	6.893	7.001	7.148	7.239	7.343	7.427
6.030	6.523	6.712	6.904	7.001	7.159	7.287	7.376	7.474
5.990	6.523	6.733	6.925	7.022	7.169	7.296	7.386	7.484
5.990	6.544	6.785	6.955	7.064	7.211	7.290	7.432	7.543
5.990	6.502	6.723	6.871	6.980	7.127	7.218	7.347	7.458
5.970	6.513	6.754	6.860	6.980	7.115	7.207	7.336	7.447
6.010	6.564	6.722	6.828	6.937	7.073	7.152	7.269	7.368
6.020	6.575	6.701	6.861	6.969	7.105	7.196	7.313	7.398
6.060	6.606	6.690	6.839	6.959	7.083	7.175	7.291	7.390
6.080	6.606	6.690	6.807	6.916	7.040	7.120	7.225	7.339
6.240	6.709	6.772	6.857	6.956	7.069	7.149	7.255	7.369
6.390	6.730	6.866	6.973	7.071	7.184	7.252	7.396	7.482
6.290	6.678	6.825	6.931	7.041	7.165	7.221	7.377	7.529
6.360	6.750	6.887	7.015	7.113	7.237	7.305	7.462	7.598
6.410	6.781	6.907	7.014	7.101	7.238	7.305	7.449	7.572
6.480	6.823	6.959	7.055	7.154	7.313	7.381	7.588	7.641
6.540	6.854	6.959	7.109	7.196	7.332	7.412	7.568	7.624
6.480	6.802	6.949	7.109	7.218	7.343	7.423	7.553	7.624
6.430	6.750	6.971	7.141	7.250	7.398	7.465	7.621	7.676
6.430	6.750	6.971	7.141	7.250	7.398	7.465	7.608	7.679
6.420	6.771	6.960	7.109	7.218	7.378	7.445	7.588	7.658
6.330	6.688	6.919	7.100	7.209	7.380	7.446	7.589	7.659
6.170	6.647	6.899	7.091	7.199	7.358	7.425	7.568	7.638
6.140	6.657	6.899	7.048	7.168	7.326	7.393	7.536	7.606
6.280	6.730	6.971	7.109	7.285	7.362	7.418	7.563	7.634
6.390	6.771	7.087	7.278	7.375	7.534	7.638	7.729	7.843
6.410	6.730	7.024	7.194	7.291	7.439	7.531	7.635	7.749
6.410	6.730	7.056	7.279	7.387	7.546	7.637	7.754	7.881
6.370	6.657	7.015	7.216	7.313	7.484	7.563	7.680	7.747
6.390	6.678	7.035	7.248	7.334	7.493	7.584	7.688	7.756
6.390	6.678	7.078	7.279	7.365	7.524	7.615	7.694	7.793
6.410	6.657	7.131	7.353	7.450	7.620	7.711	7.867	7.948
6.420	6.699	7.140	7.385	7.481	7.652	7.755	7.884	7.924
6.420	6.699	7.140	7.385	7.481	7.640	7.756	7.885	7.925
6.390	6.668	7.130	7.353	7.450	7.609	7.737	7.852	7.907
6.390	6.678	7.120	7.353	7.450	7.609	7.737	7.852	7.906
6.360	6.678	7.130	7.375	7.471	7.653	7.769	7.910	7.962
6.470	6.761	7.097	7.342	7.450	7.621	7.748	7.877	7.943
6.410	6.792	7.107	7.385	7.493	7.675	7.802	7.930	7.994
6.420	6.802	7.107	7.353	7.472	7.619	7.722	7.903	7.980
6.460	6.823	7.107	7.331	7.461	7.562	7.666	7.848	7.896
6.460	6.802	7.097	7.342	7.472	7.561	7.665	7.809	7.845
6.510	6.843	7.159	7.405	7.557	7.657	7.749	7.841	7.924
6.530	6.895	7.211	7.467	7.609	7.674	7.755	7.822	7.864
6.600	6.936	7.252	7.487	7.629	7.694	7.751	7.832	7.861
6.610	6.988	7.294	7.464	7.629	7.682	7.751	7.794	7.812
6.520	6.926	7.168	7.468	7.610	7.663	7.719	7.788	7.791
6.700	7.009	7.219	7.401	7.510	7.530	7.563	7.699	7.659
6.730	7.112	7.260	7.485	7.605	7.695	7.787	7.791	7.810
6.720	7.123	7.302	7.560	7.690	7.803	7.846	7.876	7.882
6.740	7.154	7.248	7.539	7.670	7.770	7.814	7.806	7.827
6.690	7.133	7.228	7.508	7.638	7.751	7.806	7.836	7.881
6.710	7.112	7.291	7.571	7.679	7.792	7.872	7.926	7.881
6.690	7.123	7.270	7.550	7.635	7.725	7.781	7.863	7.866
6.700	7.143	7.301	7.538	7.613	7.703	7.772	7.815	7.834
6.810	7.164	7.301	7.548	7.623	7.725	7.806	7.836	7.826
6.800	7.154	7.322	7.526	7.613	7.726	7.795	7.837	7.813
6.790	7.174	7.354	7.579	7.665	7.743	7.825	7.855	7.804
6.800	7.164	7.364	7.535	7.600	7.690	7.760	7.778	7.728
6.830	7.154	7.343	7.536	7.578	7.645	7.764	7.768	7.718
6.830	7.133	7.291	7.441	7.550	7.629	7.686	7.704	7.642
6.850	7.143	7.354	7.525	7.646	7.700	7.757	7.764	7.701
6.830	7.112	7.312	7.484	7.548	7.615	7.685	7.704	7.640
6.800	7.071	7.239	7.357	7.455	7.534	7.591	7.661	7.608
6.870	7.164	7.343	7.493	7.569	7.659	7.729	7.785	7.720
6.790	7.112	7.334	7.472	7.548	7.638	7.708	7.726	7.716
6.820	7.133	7.291	7.495	7.559	7.649	7.718	7.724	7.728
6.790	7.112	7.270	7.485	7.549	7.639	7.708	7.688	7.708
6.850	7.123	7.238	7.464	7.584	7.674	7.718	7.685	7.706
6.850	7.143	7.280	7.495	7.615	7.705	7.737	7.717	7.725
6.830	7.133	7.238	7.453	7.562	7.652	7.684	7.665	7.701
6.850	7.174	7.259	7.463	7.572	7.662	7.694	7.713	7.732
6.840	7.154	7.227	7.421	7.530	7.608	7.641	7.686	7.676
6.900	7.185	7.290	7.484	7.582	7.707	7.738	7.769	7.759
6.890	7.195	7.269	7.462	7.561	7.674	7.706	7.763	7.753
6.910	7.185	7.269	7.419	7.507	7.597	7.630	7.688	7.679
6.940	7.247	7.331	7.492	7.557	7.648	7.681	7.714	7.719
6.830	7.112	7.207	7.368	7.478	7.556	7.576	7.609	7.681
6.840	7.133	7.207	7.368	7.466	7.545	7.553	7.548	7.623
6.880	7.174	7.248	7.398	7.486	7.553	7.562	7.570	7.603
6.880	7.123	7.238	7.388	7.465	7.532	7.529	7.512	7.547
6.890	7.102	7.228	7.367	7.455	7.510	7.495	7.505	7.524
6.870	7.143	7.249	7.410	7.474	7.518	7.504	7.501	7.495
6.890	7.174	7.343	7.536	7.589	7.633	7.618	7.616	7.608
6.830	7.185	7.322	7.504	7.569	7.612	7.598	7.582	7.590
6.840	7.195	7.332	7.504	7.557	7.590	7.563	7.562	7.569
6.840	7.205	7.332	7.493	7.535	7.568	7.602	7.598	7.618
6.840	7.185	7.279	7.387	7.452	7.473	7.508	7.492	7.527
6.840	7.216	7.300	7.386	7.440	7.450	7.473	7.483	7.464
6.850	7.216	7.289	7.354	7.397	7.419	7.454	7.464	7.459
6.860	7.164	7.196	7.238	7.260	7.294	7.341	7.401	7.393
6.700	7.009	7.135	7.242	7.262	7.296	7.342	7.402	7.394
6.720	7.019	7.188	7.326	7.369	7.390	7.412	7.447	7.427
6.690	6.988	7.167	7.306	7.314	7.336	7.371	7.381	7.335
6.650	6.967	7.115	7.200	7.220	7.219	7.254	7.315	7.324
6.720	7.112	7.196	7.314	7.346	7.379	7.414	7.499	7.478
6.700	7.040	7.198	7.337	7.379	7.423	7.470	7.554	7.531
6.700	7.050	7.198	7.326	7.357	7.402	7.436	7.521	7.498
6.670	6.967	7.125	7.232	7.297	7.341	7.375	7.472	7.462
6.720	7.040	7.177	7.359	7.446	7.524	7.593	7.675	7.679
6.690	6.988	7.146	7.360	7.447	7.525	7.594	7.663	7.695
6.640	6.947	7.147	7.339	7.392	7.401	7.423	7.496	7.625
6.670	6.988	7.167	7.392	7.433	7.419	7.454	7.514	7.629
6.680	6.988	7.167	7.392	7.422	7.420	7.442	7.516	7.616
6.670	6.988	7.188	7.424	7.442	7.440	7.475	7.535	7.665
6.690	6.998	7.251	7.497	7.561	7.557	7.592	7.664	7.764
6.640	6.988	7.230	7.520	7.571	7.568	7.602	7.636	7.781
6.670	7.060	7.292	7.669	7.730	7.726	7.736	7.758	7.876
6.750	7.102	7.323	7.733	7.749	7.733	7.744	7.741	7.847
6.820	7.205	7.395	7.751	7.802	7.798	7.807	7.817	7.937
6.820	7.216	7.363	7.676	7.750	7.793	7.814	7.834	7.967
6.840	7.247	7.373	7.719	7.826	7.892	7.911	7.944	8.089
6.820	7.226	7.342	7.731	7.826	7.904	7.923	7.955	8.114
6.910	7.350	7.477	7.844	7.952	8.029	8.048	8.080	8.241
7.030	7.475	7.591	7.904	8.024	8.113	8.132	8.164	8.340
6.990	7.444	7.581	7.894	8.002	8.092	8.099	8.131	8.307
7.110	7.475	7.580	7.839	7.926	7.992	7.964	8.025	8.200
6.970	7.516	7.601	7.860	7.946	8.001	8.047	8.105	8.225
7.100	7.610	7.705	7.986	8.083	8.138	8.183	8.241	8.347
7.020	7.547	7.611	7.881	7.979	8.033	8.079	8.124	8.231
7.170	7.589	7.694	7.954	8.029	8.072	8.118	8.138	8.232
7.000	7.454	7.676	7.923	8.009	8.064	8.110	8.220	8.301
6.830	7.361	7.688	7.935	8.054	8.120	8.116	8.253	8.346
6.810	7.402	7.635	7.871	7.991	8.034	8.054	8.191	8.299
6.830	7.371	7.603	7.818	7.927	7.982	8.051	8.160	8.242
6.760	7.340	7.636	7.796	7.928	7.994	8.051	8.147	8.230
6.730	7.350	7.646	7.839	7.993	8.047	8.104	8.187	8.270
6.680	7.350	7.646	7.741	7.885	7.951	8.021	8.065	8.166
6.670	7.350	7.625	7.742	7.852	7.907	7.965	7.997	8.113
6.660	7.350	7.657	7.741	7.840	7.895	7.965	7.997	8.099
6.650	7.412	7.698	7.825	7.924	7.968	8.038	8.057	8.174
6.450	7.412	7.708	7.782	7.870	7.879	7.950	7.970	8.074
6.540	7.278	7.595	7.689	7.777	7.797	7.856	7.902	8.006
6.700	7.267	7.510	7.605	7.693	7.737	7.795	7.866	7.954
6.710	7.278	7.478	7.574	7.639	7.684	7.742	7.801	7.919
6.790	7.319	7.488	7.562	7.651	7.683	7.729	7.801	7.903
6.700	7.299	7.499	7.605	7.671	7.703	7.762	7.821	7.923
6.700	7.267	7.478	7.606	7.671	7.704	7.750	7.784	7.887
6.720	7.288	7.510	7.616	7.681	7.702	7.761	7.807	7.894
6.690	7.288	7.510	7.594	7.649	7.670	7.729	7.763	7.851
6.630	7.247	7.426	7.554	7.619	7.734	7.790	7.847	7.917
6.590	7.185	7.343	7.460	7.537	7.616	7.673	7.730	7.815
6.630	7.195	7.321	7.461	7.526	7.617	7.686	7.730	7.814
6.610	7.143	7.249	7.366	7.432	7.523	7.580	7.701	7.742
6.590	7.164	7.259	7.420	7.473	7.564	7.622	7.743	7.784
6.590	7.133	7.280	7.463	7.493	7.596	7.641	7.763	7.803
6.590	7.133	7.323	7.548	7.600	7.703	7.759	7.880	7.906
6.620	7.112	7.312	7.538	7.601	7.680	7.749	7.883	7.894
6.640	7.154	7.354	7.622	7.686	7.776	7.845	7.965	7.966
6.610	7.164	7.322	7.558	7.611	7.678	7.748	7.882	7.883
6.620	7.154	7.333	7.580	7.598	7.678	7.747	7.881	7.868
6.610	7.143	7.312	7.537	7.590	7.657	7.739	7.872	7.888
6.650	7.154	7.291	7.430	7.528	7.584	7.678	7.798	7.813
6.670	7.174	7.280	7.430	7.517	7.584	7.666	7.786	7.816
6.720	7.174	7.269	7.355	7.454	7.510	7.604	7.737	7.780
6.730	7.174	7.269	7.355	7.454	7.510	7.604	7.737	7.780
6.800	7.143	7.238	7.356	7.444	7.511	7.593	7.713	7.786
6.830	7.164	7.269	7.409	7.485	7.564	7.645	7.779	7.851
6.810	7.123	7.175	7.304	7.403	7.458	7.552	7.685	7.770
6.850	7.164	7.206	7.346	7.445	7.512	7.593	7.765	7.849
6.920	7.133	7.228	7.356	7.455	7.534	7.615	7.786	7.858
6.950	7.143	7.238	7.356	7.466	7.544	7.626	7.797	7.867
6.960	7.164	7.196	7.314	7.413	7.480	7.574	7.719	7.791
6.960	7.195	7.290	7.440	7.528	7.606	7.700	7.833	7.891
6.930	7.195	7.290	7.483	7.548	7.627	7.720	7.853	7.912
6.940	7.164	7.269	7.452	7.516	7.595	7.701	7.834	7.878
6.970	7.205	7.279	7.484	7.526	7.616	7.722	7.842	7.900
6.960	7.174	7.185	7.346	7.389	7.445	7.552	7.672	7.746
6.870	7.133	7.207	7.357	7.388	7.456	7.563	7.683	7.757
6.890	7.143	7.196	7.368	7.399	7.479	7.585	7.704	7.779
6.920	7.143	7.175	7.358	7.411	7.490	7.572	7.680	7.769
6.920	7.143	7.206	7.368	7.421	7.489	7.571	7.691	7.782
6.950	7.164	7.185	7.325	7.390	7.458	7.540	7.660	7.750
6.940	7.174	7.216	7.335	7.400	7.479	7.561	7.681	7.800
6.990	7.247	7.247	7.355	7.409	7.489	7.571	7.717	7.819
6.960	7.247	7.257	7.311	7.366	7.435	7.529	7.675	7.777
7.010	7.257	7.225	7.301	7.334	7.426	7.520	7.653	7.784
6.990	7.174	7.227	7.291	7.324	7.415	7.497	7.618	7.748
6.990	7.154	7.164	7.207	7.240	7.343	7.437	7.570	7.701
7.010	7.164	7.174	7.261	7.293	7.396	7.490	7.622	7.767
7.000	7.164	7.174	7.239	7.260	7.352	7.434	7.580	7.725
6.980	7.154	7.206	7.238	7.249	7.341	7.435	7.555	7.715
6.990	7.154	7.175	7.271	7.248	7.340	7.410	7.532	7.488
7.030	7.185	7.227	7.345	7.321	7.402	7.460	7.595	7.642
7.010	7.195	7.205	7.335	7.311	7.403	7.461	7.558	7.634
6.960	7.133	7.164	7.326	7.357	7.437	7.494	7.590	7.668
6.960	7.133	7.175	7.347	7.401	7.445	7.491	7.613	7.701
6.970	7.133	7.175	7.358	7.400	7.445	7.491	7.588	7.692
6.980	7.133	7.164	7.337	7.357	7.413	7.459	7.556	7.660
7.000	7.164	7.196	7.379	7.376	7.421	7.468	7.591	7.679
7.010	7.185	7.258	7.344	7.354	7.399	7.446	7.582	7.685
7.030	7.195	7.216	7.313	7.300	7.335	7.394	7.504	7.635
6.950	7.174	7.237	7.291	7.301	7.347	7.406	7.516	7.647
6.910	7.123	7.186	7.250	7.260	7.306	7.352	7.488	7.685
6.940	7.164	7.196	7.281	7.303	7.371	7.417	7.540	7.736
6.910	7.143	7.206	7.303	7.324	7.369	7.428	7.563	7.732
6.920	7.143	7.196	7.282	7.314	7.371	7.417	7.565	7.734
6.910	7.133	7.175	7.207	7.229	7.274	7.333	7.468	7.652
6.870	7.081	7.102	7.113	7.146	7.203	7.261	7.396	7.621
6.870	7.091	7.102	7.123	7.145	7.191	7.262	7.409	7.619
6.850	7.071	7.102	7.113	7.146	7.203	7.261	7.409	7.633
6.830	7.050	7.124	7.145	7.178	7.235	7.293	7.465	7.675
6.820	7.050	7.155	7.187	7.220	7.265	7.323	7.496	7.720
6.780	7.019	7.135	7.155	7.188	7.245	7.316	7.488	7.712
6.780	6.988	7.135	7.166	7.210	7.267	7.337	7.509	7.733
6.750	6.988	7.146	7.177	7.209	7.266	7.349	7.520	7.744
6.690	6.926	6.989	7.096	7.128	7.184	7.254	7.426	7.663
6.690	6.926	6.989	7.096	7.128	7.184	7.266	7.425	7.663
6.720	6.947	6.968	7.086	7.107	7.163	7.269	7.516	7.805
6.730	6.947	6.947	7.043	7.087	7.155	7.272	7.531	7.861
6.730	6.957	6.978	7.085	7.106	7.174	7.268	7.503	7.835
6.730	6.967	6.988	7.107	7.116	7.208	7.301	7.548	7.867
6.740	6.947	6.978	7.042	7.053	7.144	7.226	7.473	7.805
6.750	6.978	6.978	7.107	7.139	7.195	7.289	7.523	7.826
6.720	6.978	6.999	7.095	7.127	7.172	7.267	7.489	7.807
6.750	6.988	6.977	7.053	7.074	7.131	7.213	7.448	7.767
6.780	7.029	6.977	7.063	7.085	7.130	7.224	7.472	7.804
6.820	7.029	7.008	7.009	7.098	7.119	7.214	7.461	7.780
6.770	6.988	7.041	7.040	7.118	7.151	7.246	7.506	7.767
6.870	6.998	7.030	7.030	7.096	7.130	7.236	7.509	7.796
6.810	6.957	7.041	7.040	7.129	7.162	7.257	7.529	7.832
6.890	6.998	7.030	7.051	7.151	7.184	7.290	7.537	7.840
6.910	7.029	7.061	7.050	7.128	7.161	7.256	7.516	7.820
6.900	7.019	7.072	7.017	7.107	7.163	7.306	7.462	7.768
6.900	7.040	7.071	7.050	7.116	7.150	7.245	7.479	7.799
6.910	7.040	7.061	6.996	7.108	7.118	7.213	7.448	7.753
6.890	7.019	7.009	6.998	7.087	7.109	7.203	7.450	7.755
6.870	6.926	6.957	6.914	6.992	7.037	7.132	7.403	7.734
6.900	6.967	6.978	6.967	7.045	7.090	7.172	7.444	7.762
6.950	7.060	6.997	6.987	7.065	7.099	7.181	7.441	7.760
6.950	7.029	6.987	6.945	7.023	7.057	7.139	7.386	7.718
7.030	7.040	6.998	6.955	7.022	7.056	7.139	7.399	7.716
7.060	7.133	7.059	6.985	7.052	7.075	7.170	7.405	7.738
7.060	7.102	7.039	6.975	7.042	7.065	7.160	7.432	7.697
7.100	7.143	7.048	6.963	7.009	7.032	7.127	7.375	7.654
7.100	7.143	7.080	6.973	7.019	7.054	7.137	7.397	7.676
7.110	7.154	7.111	7.036	7.082	7.116	7.199	7.460	7.741
7.040	7.091	7.049	6.996	7.030	7.064	7.280	7.524	7.712
7.010	7.102	7.060	7.006	7.052	7.086	7.301	7.558	7.732
7.040	7.112	7.070	7.038	7.083	7.129	7.344	7.588	7.763
7.070	7.133	7.070	6.984	7.074	7.120	7.310	7.580	7.741
7.060	7.133	7.049	6.963	7.054	7.099	7.302	7.571	7.758
7.080	7.133	7.028	6.943	7.033	7.101	7.279	7.498	7.716
7.090	7.143	7.069	7.027	7.117	7.185	7.375	7.568	7.774
7.120	7.133	7.091	7.059	7.137	7.217	7.408	7.600	7.747
7.120	7.123	7.101	7.059	7.159	7.216	7.406	7.600	7.760
7.080	7.091	7.102	7.037	7.138	7.206	7.397	7.577	7.753
7.090	7.112	7.060	7.038	7.117	7.173	7.364	7.544	7.721
7.060	7.081	7.039	6.975	7.065	7.121	7.312	7.479	7.670
7.060	7.091	7.028	6.975	7.054	7.111	7.301	7.469	7.673
7.070	7.123	7.049	7.006	7.085	7.130	7.309	7.464	7.655
7.070	7.123	7.038	6.985	7.064	7.098	7.277	7.432	7.610
7.040	7.091	7.018	6.954	7.010	7.045	7.235	7.378	7.570
7.050	7.091	6.997	6.976	7.043	7.089	7.267	7.423	7.614
7.050	7.091	6.986	6.955	7.033	7.055	7.234	7.390	7.583
7.050	7.102	7.018	6.965	7.021	7.055	7.234	7.377	7.569
7.050	7.102	6.997	6.954	7.000	7.045	7.224	7.354	7.533
7.060	7.102	6.997	6.922	6.968	7.002	7.181	7.324	7.530
7.080	7.112	7.049	6.985	7.030	7.053	7.232	7.351	7.544
7.010	7.091	7.028	6.964	7.010	7.044	7.211	7.355	7.533
6.960	7.060	6.987	6.901	6.947	6.993	7.148	7.304	7.496
6.920	6.998	6.883	6.776	6.889	6.945	7.075	7.231	7.465
6.930	6.978	6.841	6.874	6.852	6.921	7.052	7.208	7.429
6.940	6.978	6.851	6.788	6.867	6.947	7.076	7.244	7.464
6.900	6.957	6.831	6.800	6.889	6.980	7.109	7.315	7.534
6.810	6.874	6.685	6.644	6.745	6.824	6.964	7.157	7.374
6.830	6.864	6.664	6.623	6.691	6.759	6.912	7.091	7.309
6.830	6.864	6.675	6.634	6.690	6.758	6.911	7.079	7.283
6.800	6.843	6.665	6.634	6.679	6.748	6.901	7.068	7.259
6.800	6.874	6.727	6.718	6.740	6.820	6.974	7.141	7.333
6.800	6.864	6.717	6.707	6.730	6.810	6.963	7.118	7.311
6.770	6.812	6.665	6.602	6.614	6.683	6.837	7.004	7.209
6.790	6.823	6.613	6.593	6.616	6.662	6.815	6.970	7.175
6.780	6.802	6.581	6.562	6.585	6.630	6.784	6.926	7.145
6.690	6.719	6.499	6.501	6.523	6.569	6.722	6.902	7.132
6.700	6.709	6.489	6.522	6.545	6.590	6.743	6.935	7.152
6.560	6.606	6.386	6.409	6.442	6.487	6.616	6.821	7.009
6.240	6.471	6.283	6.348	6.414	6.459	6.599	6.815	7.000
6.150	6.317	6.191	6.288	6.364	6.408	6.560	6.800	6.997
6.160	6.317	6.202	6.288	6.364	6.408	6.560	6.800	7.012
6.580	6.533	6.292	6.390	6.456	6.500	6.664	6.905	7.103
6.690	6.637	6.354	6.366	6.499	6.543	6.707	6.935	7.121
6.700	6.554	6.303	6.315	6.448	6.503	6.667	6.919	7.131
6.680	6.554	6.303	6.315	6.459	6.503	6.666	6.931	7.130
6.700	6.482	6.095	6.076	6.242	6.286	6.448	6.712	6.935
6.480	6.255	6.025	6.154	6.407	6.482	6.679	6.966	7.201
6.150	5.997	5.757	5.972	6.234	6.320	6.516	6.801	7.048
5.910	5.802	5.562	5.755	6.038	6.135	6.342	6.687	6.957
6.050	5.894	5.582	5.775	6.069	6.178	6.408	6.741	7.038
6.020	5.915	5.706	5.846	6.086	6.207	6.426	6.734	7.033
6.100	5.977	5.841	5.948	6.178	6.299	6.519	6.828	7.143
6.050	5.925	5.717	5.867	6.085	6.229	6.448	6.794	6.989
6.070	6.008	5.841	6.023	6.241	6.385	6.604	6.939	7.136
6.050	5.997	5.841	6.023	6.230	6.374	6.605	6.927	7.124
6.090	6.018	5.840	6.012	6.219	6.352	6.583	6.905	7.103
6.080	6.018	5.788	5.949	6.146	6.290	6.403	6.802	6.957
6.000	5.874	5.676	5.858	6.064	6.129	6.254	6.740	6.905
6.020	5.925	5.737	5.930	6.082	6.181	6.330	6.803	6.983
6.030	5.936	5.748	5.951	6.136	6.246	6.394	6.881	7.047
6.080	6.018	5.820	6.044	6.218	6.340	6.488	6.951	7.118
6.070	5.997	5.820	6.045	6.218	6.328	6.489	6.951	7.117
6.010	5.894	5.727	5.899	6.128	6.226	6.374	6.848	6.999
5.930	5.853	5.697	5.921	6.150	6.259	6.419	6.879	7.046
5.890	5.833	5.676	5.911	6.139	6.271	6.455	6.864	7.045
5.800	5.750	5.552	5.840	6.002	6.203	6.397	6.755	6.937
5.780	5.637	5.481	5.726	5.954	6.085	6.268	6.638	6.793
5.850	5.699	5.522	5.746	5.963	6.095	6.289	6.634	6.804
5.910	5.771	5.625	5.828	6.067	6.199	6.382	6.641	6.801
5.930	5.833	5.655	5.869	6.076	6.208	6.379	6.639	6.800
5.920	5.843	5.707	5.900	6.051	6.173	6.345	6.618	6.846
5.920	5.853	5.728	5.952	6.104	6.236	6.409	6.631	6.862
5.940	5.853	5.718	5.952	6.082	6.215	6.387	6.635	6.694
5.920	5.822	5.666	5.880	6.009	6.153	6.325	6.585	6.782
5.920	5.853	5.697	5.900	6.030	6.174	6.346	6.606	6.789
5.920	5.874	5.749	5.962	6.070	6.203	6.317	6.566	6.819
5.950	5.915	5.831	6.098	6.205	6.339	6.452	6.665	6.906
5.960	5.936	5.862	6.012	6.098	6.266	6.392	6.616	6.857
5.880	5.853	5.801	5.918	6.038	6.183	6.308	6.582	6.821
5.880	5.853	5.780	5.908	6.039	6.183	6.308	6.557	6.810
5.650	5.884	5.811	5.960	6.058	6.226	6.362	6.586	6.854
5.940	5.874	5.769	5.919	6.060	6.228	6.364	6.625	6.889
5.940	5.822	5.760	5.824	6.021	6.199	6.358	6.605	6.884
5.830	5.678	5.647	5.775	5.992	6.159	6.318	6.564	6.843
5.790	5.648	5.606	5.712	5.952	6.106	6.265	6.524	6.802
5.760	5.617	5.638	5.701	5.897	6.052	6.200	6.434	6.713
5.810	5.658	5.512	5.630	5.847	5.968	6.115	6.350	6.628
5.800	5.658	5.512	5.651	5.846	5.967	6.115	6.349	6.615
5.770	5.627	5.502	5.694	5.889	6.032	6.179	6.426	6.663
5.750	5.606	5.513	5.694	5.889	6.043	6.179	6.426	6.691
5.650	5.596	5.513	5.694	5.889	6.032	6.191	6.413	6.691
5.600	5.555	5.472	5.557	5.818	5.984	6.130	6.364	6.627
5.530	5.452	5.369	5.465	5.846	5.999	6.145	6.365	6.642
5.460	5.380	5.287	5.436	5.849	6.047	6.203	6.422	6.645
5.380	5.329	5.256	5.352	5.766	5.985	6.142	6.372	6.594
5.410	5.339	5.256	5.405	5.818	6.027	6.195	6.425	6.647
5.300	5.227	5.143	5.239	5.652	5.883	6.062	6.316	6.535
5.310	5.206	5.061	5.199	5.622	5.841	6.032	6.298	6.529
5.320	5.175	5.051	5.220	5.622	5.841	6.020	6.286	6.504
5.350	5.216	5.112	5.282	5.618	5.838	5.936	6.290	6.521
5.310	5.134	5.051	5.189	5.525	5.756	5.853	6.232	6.475
5.150	5.073	5.042	5.211	5.535	5.766	5.864	6.255	6.469
5.070	5.114	4.979	5.148	5.506	5.759	5.868	6.196	6.411
5.050	5.032	4.980	5.265	5.578	5.809	5.906	6.236	6.479
4.970	4.991	4.980	5.276	5.611	5.853	5.950	6.291	6.533
5.020	5.042	5.094	5.432	5.767	6.009	6.118	6.448	6.692
5.020	4.950	5.012	5.350	5.695	5.960	6.068	6.397	6.599
5.030	4.899	5.044	5.381	5.683	5.948	6.068	6.410	6.639
4.960	4.888	4.992	5.266	5.579	5.843	5.952	6.293	6.549
4.940	4.899	4.992	5.319	5.621	5.908	6.016	6.382	6.638
4.800	4.817	4.889	5.216	5.517	5.804	5.924	6.313	6.567
4.810	4.827	4.879	5.227	5.561	5.859	5.966	6.343	6.586
4.820	4.878	4.930	5.310	5.655	5.930	6.038	6.416	6.659
4.670	4.745	4.838	5.239	5.583	5.790	5.934	6.274	6.544
4.710	4.796	4.889	5.269	5.603	5.833	5.976	6.317	6.614
4.700	4.858	5.013	5.414	5.748	5.990	6.134	6.487	6.742
4.860	4.970	5.105	5.432	5.778	5.998	6.142	6.558	6.797
4.790	4.970	5.136	5.527	5.851	6.082	6.226	6.631	6.816
4.790	4.970	5.136	5.516	5.840	6.071	6.215	6.620	6.805
4.930	5.063	5.260	5.619	5.954	6.174	6.319	6.725	6.885
4.910	5.032	5.198	5.621	5.934	6.165	6.309	6.690	6.865
4.700	4.817	4.972	5.426	5.771	6.035	6.178	6.594	6.793
4.710	4.950	4.991	5.509	5.887	6.163	6.329	6.758	6.914
4.550	4.817	4.920	5.448	5.870	6.144	6.322	6.712	6.884
4.470	4.745	4.786	5.314	5.713	5.987	6.177	6.578	6.762
4.590	4.745	4.786	5.335	5.734	6.008	6.151	6.615	6.812
4.650	4.847	4.868	5.417	5.806	6.069	6.153	6.657	6.853
4.620	4.796	4.827	5.313	5.745	5.985	6.069	6.597	6.780
4.650	4.817	4.910	5.406	5.882	6.145	6.217	6.734	6.917
4.680	4.899	4.950	5.362	5.839	6.102	6.197	6.752	6.933
4.690	4.847	4.910	5.310	5.787	6.061	6.156	6.710	6.878
4.690	4.878	4.951	5.352	5.817	6.092	6.187	6.716	6.886
4.610	4.817	4.879	5.301	5.722	5.986	6.081	6.609	6.765
4.530	4.725	4.797	5.240	5.683	5.968	6.063	6.628	6.796
4.510	4.653	4.746	5.188	5.642	5.927	6.045	6.597	6.792
4.490	4.632	4.715	5.210	5.653	5.915	6.034	6.635	6.858
4.520	4.602	4.685	5.169	5.633	5.884	6.038	6.563	6.774
4.550	4.653	4.788	5.283	5.758	6.044	6.197	6.711	6.922
4.550	4.755	4.869	5.439	5.893	6.190	6.344	6.847	7.073
4.470	4.684	4.798	5.357	5.887	6.195	6.348	6.838	7.063
4.400	4.571	4.716	5.306	5.858	6.211	6.375	6.915	7.151
4.340	4.530	4.685	5.286	5.827	6.168	6.344	6.807	7.032
4.370	4.602	4.757	5.401	5.898	6.217	6.393	6.769	6.985
4.380	4.632	4.777	5.421	5.940	6.236	6.401	6.778	6.966
4.400	4.632	4.777	5.379	5.898	6.194	6.359	6.736	6.897
4.430	4.643	4.777	5.379	5.909	6.216	6.381	6.783	6.956
4.420	4.592	4.716	5.296	5.814	6.110	6.299	6.788	6.957
4.460	4.592	4.757	5.358	5.943	6.227	6.416	6.868	7.037
4.420	4.561	4.726	5.317	5.913	6.208	6.408	6.884	7.066
4.410	4.561	4.737	5.316	5.946	6.218	6.418	6.869	7.039
4.470	4.561	4.747	5.369	5.954	6.250	6.462	6.888	7.072
4.450	4.520	4.727	5.370	5.944	6.239	6.451	6.890	7.073
4.390	4.448	4.624	5.224	5.831	6.103	6.326	6.738	6.951
4.440	4.479	4.676	5.255	5.872	6.144	6.356	6.744	6.930
4.480	4.520	4.685	5.223	5.807	6.137	6.348	6.735	6.908
4.360	4.438	4.573	5.088	5.727	6.044	6.243	6.641	6.812
4.120	4.265	4.502	5.080	5.707	6.036	6.234	6.620	6.792
4.130	4.265	4.502	5.091	5.740	6.057	6.267	6.678	6.849
4.150	4.295	4.512	5.133	5.793	6.098	6.309	6.720	6.877
4.110	4.295	4.491	5.070	5.708	6.024	6.247	6.632	6.804
4.090	4.275	4.461	5.060	5.698	6.003	6.225	6.623	6.780
4.060	4.254	4.461	5.039	5.688	5.993	6.203	6.626	6.795
4.060	4.244	4.399	4.998	5.613	5.919	6.153	6.574	6.759
4.030	4.213	4.379	4.977	5.593	5.898	6.132	6.578	6.789
4.000	4.173	4.358	4.968	5.583	5.899	6.086	6.595	6.818
3.940	4.071	4.287	4.970	5.573	5.901	6.087	6.572	6.808
4.040	4.173	4.358	4.978	5.560	5.888	6.087	6.559	6.783
4.070	4.183	4.369	4.999	5.537	5.866	6.076	6.548	6.759
4.000	4.122	4.318	4.937	5.475	5.803	6.013	6.485	6.709
4.000	4.162	4.338	4.957	5.496	5.824	6.034	6.506	6.716
4.000	4.203	4.410	5.040	5.590	5.907	6.141	6.588	6.800
4.080	4.285	4.492	5.133	5.661	5.979	6.202	6.600	6.801
4.180	4.367	4.604	5.225	5.798	6.093	6.257	6.733	6.918
4.260	4.438	4.707	5.254	5.839	6.134	6.298	6.813	6.996
4.240	4.387	4.656	5.171	5.722	6.018	6.194	6.707	6.903
4.260	4.397	4.708	5.244	5.796	6.080	6.244	6.771	6.967
4.260	4.397	4.687	5.245	5.796	6.080	6.244	6.771	6.967
4.210	4.377	4.666	5.245	5.730	6.049	6.190	6.779	6.988
4.240	4.356	4.615	5.130	5.692	6.010	6.162	6.750	6.957
4.250	4.397	4.614	5.130	5.659	5.977	6.129	6.717	6.924
4.230	4.356	4.553	5.026	5.609	5.927	5.973	6.674	6.836
4.230	4.377	4.615	5.130	5.637	6.001	6.046	6.686	6.865
4.260	4.397	4.614	5.119	5.615	5.956	6.014	6.640	6.806
4.280	4.438	4.655	5.160	5.646	5.976	6.022	6.624	6.792
4.290	4.438	4.666	5.171	5.656	5.975	6.033	6.635	6.803
4.290	4.459	4.665	5.192	5.655	5.985	6.044	6.620	6.790
4.190	4.356	4.532	5.015	5.500	5.830	5.900	6.474	6.671
4.210	4.397	4.552	5.036	5.499	5.840	5.910	6.497	6.680
4.180	4.356	4.542	5.036	5.499	5.852	5.933	6.520	6.702
4.030	4.183	4.369	4.914	5.475	5.826	5.894	6.480	6.662
4.050	4.213	4.368	4.914	5.475	5.825	5.894	6.480	6.662
4.040	4.183	4.400	4.956	5.527	5.878	5.959	6.532	6.742
4.030	4.162	4.348	4.904	5.421	5.783	5.876	6.473	6.680
4.040	4.152	4.348	4.873	5.389	5.740	5.856	6.453	6.674
4.020	4.132	4.338	4.852	5.379	5.730	5.834	6.443	6.651
4.000	4.122	4.276	4.674	5.299	5.649	5.765	6.372	6.605
4.000	4.111	4.328	4.694	5.352	5.714	5.829	6.424	6.629
4.020	4.132	4.380	4.788	5.447	5.797	5.924	6.520	6.712
4.010	4.122	4.369	4.788	5.436	5.809	5.947	6.531	6.709
3.990	4.101	4.339	4.757	5.416	5.800	5.938	6.522	6.713
4.050	4.152	4.359	4.778	5.436	5.798	5.948	6.557	6.748
3.970	4.071	4.246	4.623	5.302	5.663	5.813	6.407	6.597
3.950	4.071	4.267	4.643	5.355	5.727	5.889	6.484	6.646
3.940	4.060	4.236	4.612	5.193	5.622	5.796	6.389	6.551
3.950	4.050	4.225	4.613	5.172	5.612	5.785	6.391	6.566
3.960	4.091	4.266	4.664	5.191	5.632	5.793	6.387	6.562
3.970	4.122	4.328	4.747	5.285	5.704	5.854	6.436	6.585
3.950	4.081	4.287	4.685	5.244	5.651	5.802	6.371	6.534
3.810	3.948	4.123	4.605	5.163	5.558	5.708	6.276	6.425
3.900	4.009	4.216	4.708	5.256	5.629	5.779	6.348	6.511
3.820	3.979	4.133	4.657	5.194	5.577	5.716	6.297	6.458
3.840	3.999	4.205	4.719	5.256	5.640	5.779	6.335	6.499
3.860	3.979	4.164	4.677	5.214	5.609	5.748	6.317	6.494
3.910	4.040	4.184	4.761	5.254	5.650	5.789	6.371	6.533
3.920	4.040	4.215	4.729	5.277	5.672	5.799	6.369	6.546
3.880	3.989	4.144	4.615	5.130	5.525	5.663	6.281	6.469
3.890	3.969	4.113	4.584	5.077	5.472	5.611	6.215	6.391
3.850	3.907	4.062	4.533	5.091	5.496	5.646	6.263	6.437
3.840	3.928	4.072	4.543	5.068	5.497	5.635	6.276	6.450
3.830	3.938	4.062	4.553	5.057	5.474	5.624	6.278	6.452
3.910	4.050	4.267	4.717	5.244	5.651	5.789	6.421	6.596
3.890	4.030	4.267	4.717	5.233	5.651	5.802	6.421	6.610
3.830	3.969	4.144	4.594	5.120	5.537	5.687	6.329	6.517
3.750	3.856	4.021	4.460	4.996	5.424	5.585	6.238	6.451
3.760	3.867	4.042	4.470	4.984	5.458	5.630	6.308	6.506
3.750	3.867	3.959	4.367	4.751	5.212	5.385	6.259	6.450
3.750	3.867	3.949	4.367	4.989	5.203	5.378	6.252	6.445
3.320	3.449	3.511	3.948	4.534	5.048	5.277	6.045	6.316
3.320	3.409	3.532	3.958	4.512	5.026	5.243	5.949	6.356
3.330	3.419	3.593	4.051	4.649	5.130	5.336	6.044	6.439
3.130	3.266	3.574	4.063	4.649	5.153	5.370	6.178	6.547
2.800	3.083	3.401	3.931	4.581	5.094	5.311	6.255	6.647
2.810	3.114	3.483	3.981	4.600	5.114	5.330	6.187	6.594
3.070	3.205	3.441	3.971	4.611	5.136	5.341	6.173	6.553
3.220	3.276	3.440	4.034	4.674	5.199	5.404	6.213	6.608
3.240	3.266	3.451	3.971	4.621	5.180	5.397	6.204	6.599
3.230	3.246	3.410	3.930	4.558	5.117	5.322	6.141	6.537
3.200	3.215	3.390	3.847	4.507	5.065	5.270	6.100	6.437
3.230	3.256	3.451	3.939	4.568	5.150	5.354	6.174	6.472
3.170	3.246	3.379	3.857	4.507	5.088	5.292	6.097	6.397
3.120	3.175	3.328	3.806	4.466	5.058	5.250	6.055	6.367
3.090	3.124	3.308	3.817	4.456	5.047	5.251	6.043	6.329
3.060	3.104	3.319	3.807	4.445	5.048	5.275	6.054	6.381
3.040	3.083	3.298	3.807	4.424	5.026	5.265	6.069	6.396
3.050	3.094	3.278	3.797	4.435	5.038	5.276	6.056	6.397
3.070	3.104	3.257	3.808	4.478	5.115	5.365	6.170	6.483
3.030	3.033	3.268	3.787	4.512	5.182	5.443	6.199	6.486
3.070	3.063	3.340	3.869	4.573	5.244	5.529	6.286	6.546
3.020	3.023	3.289	3.828	4.521	5.214	5.510	6.279	6.524
3.040	3.033	3.268	3.787	4.479	5.127	5.423	6.191	6.436
3.000	2.972	3.217	3.767	4.437	5.073	5.370	6.137	6.384
2.980	2.972	3.238	3.788	4.458	5.105	5.378	6.133	6.382
2.970	2.951	3.187	3.789	4.470	5.106	5.367	6.160	6.394
2.990	2.972	3.197	3.788	4.480	5.128	5.389	6.194	6.427
3.060	3.033	3.248	3.829	4.543	5.191	5.441	6.222	6.486
3.020	3.002	3.217	3.809	4.523	5.170	5.431	6.212	6.475
2.970	2.962	3.156	3.737	4.450	5.097	5.381	6.161	6.437
2.970	2.941	3.084	3.676	4.475	5.054	5.326	6.118	6.394
2.970	2.921	3.064	3.697	4.453	5.009	5.282	6.061	6.349
2.930	2.891	3.044	3.635	4.401	4.957	5.218	6.020	6.309
2.870	2.830	2.963	3.553	4.329	4.884	5.157	5.908	6.237
2.880	2.820	2.942	3.543	4.243	4.787	5.095	5.758	6.007
2.940	2.870	3.044	3.614	4.315	4.849	5.122	5.749	6.015
2.920	2.870	3.024	3.604	4.359	4.926	5.199	5.851	6.144
2.860	2.840	2.973	3.553	4.286	4.852	5.159	5.774	6.067
2.700	2.688	2.810	3.441	4.249	4.803	5.121	5.747	6.021
2.650	2.607	2.811	3.411	4.196	4.694	5.001	5.638	5.938
2.670	2.637	2.913	3.503	4.310	4.809	5.140	5.741	6.055
2.670	2.657	2.862	3.503	4.354	4.864	5.195	5.686	6.081
2.660	2.657	2.862	3.482	4.279	4.778	5.108	5.611	6.101
2.660	2.688	2.831	3.597	4.427	4.938	5.257	5.699	6.161
2.680	2.749	3.291	3.788	4.621	5.111	5.419	5.840	6.288
2.690	2.799	3.373	4.037	4.850	5.342	5.628	6.088	6.510
2.730	2.860	3.454	4.077	4.924	5.415	5.690	6.126	6.594
2.720	2.789	2.871	3.973	4.838	5.339	5.636	6.119	6.506
2.710	2.799	3.034	4.033	4.878	5.368	5.642	6.113	6.558
2.730	2.830	3.198	4.208	5.000	5.492	5.766	6.277	6.708
2.750	2.850	3.239	4.271	5.030	5.488	5.763	6.287	6.694
2.770	2.880	3.331	4.342	5.070	5.539	5.827	6.276	6.713
2.820	2.921	3.341	4.384	5.155	5.614	5.878	6.353	6.749
2.730	2.809	3.157	4.199	5.023	5.503	5.707	6.181	6.547
2.710	2.789	3.157	4.251	5.065	5.522	5.738	6.213	6.574
2.590	2.668	2.974	4.014	4.858	5.291	5.507	6.016	6.372
2.650	2.678	2.994	4.034	4.900	5.311	5.527	6.049	6.418
2.630	2.668	2.913	3.941	4.719	5.130	5.404	5.863	6.257
2.590	2.708	2.933	3.972	4.642	5.166	5.416	5.887	6.253
2.650	2.779	3.147	4.241	4.924	5.426	5.689	6.138	6.491
2.540	2.728	3.189	4.304	5.008	5.534	5.797	6.221	6.577
2.560	2.738	3.178	4.335	5.095	5.598	5.873	6.384	6.703
2.610	2.749	3.065	4.201	4.926	5.463	5.772	6.357	6.683
2.600	2.688	3.097	4.116	4.885	5.399	5.708	6.355	6.711
2.630	2.718	3.178	4.125	4.862	5.364	5.697	6.306	6.664
2.670	2.779	3.250	4.197	4.967	5.436	5.758	6.381	6.741
2.700	2.850	3.341	4.332	5.114	5.583	5.906	6.506	6.881
2.710	2.850	3.290	4.280	5.051	5.554	5.876	6.463	6.837
2.710	2.789	3.239	4.260	5.042	5.556	5.866	6.528	6.818
2.700	2.779	3.229	4.229	4.999	5.502	5.800	6.348	6.725
2.710	2.779	3.270	4.228	5.009	5.524	5.810	6.359	6.722
2.730	2.809	3.342	4.300	5.115	5.653	5.939	6.438	6.776
2.720	2.799	3.321	4.301	5.072	5.609	5.884	6.471	6.804
2.720	2.799	3.321	4.301	5.072	5.609	5.896	6.470	6.804
2.750	2.850	3.393	4.383	5.166	5.681	5.968	6.556	6.864
2.720	2.789	3.270	4.207	4.999	5.502	5.788	6.387	6.719
2.710	2.789	3.260	4.239	4.965	5.537	5.823	6.446	6.776
2.770	2.820	3.188	4.124	4.927	5.429	5.739	6.386	6.728
2.760	2.820	3.198	4.156	4.925	5.451	5.725	6.360	6.702
2.780	2.860	3.331	4.321	5.081	5.585	5.884	6.509	6.839
2.740	2.820	3.301	4.270	5.029	5.533	5.819	6.443	6.774
2.720	2.789	3.260	4.228	4.999	5.502	5.812	6.435	6.765
2.690	2.749	3.178	4.125	4.905	5.408	5.705	6.340	6.685
2.690	2.769	3.188	4.125	4.927	5.429	5.739	6.374	6.745
2.710	2.779	3.157	4.020	4.887	5.400	5.698	6.307	6.721
2.710	2.749	3.147	3.968	4.813	5.303	5.612	6.220	6.604
2.610	2.657	3.005	3.772	4.680	5.180	5.500	6.118	6.500
2.650	2.678	3.087	3.844	4.666	5.223	5.531	6.163	6.546
2.630	2.647	3.046	3.803	4.613	5.148	5.456	6.074	6.457
2.520	2.546	2.985	3.742	4.660	5.194	5.478	6.121	6.462
2.570	2.627	3.087	3.834	4.862	5.329	5.602	6.248	6.576
2.610	2.668	3.179	3.926	4.770	5.238	5.512	6.220	6.547
2.610	2.678	3.117	3.875	4.773	5.251	5.525	6.233	6.546
2.700	2.728	3.178	3.926	4.890	5.312	5.551	6.248	6.577
2.650	2.708	3.271	4.008	5.006	5.440	5.679	6.377	6.694
2.610	2.698	3.209	3.988	5.008	5.430	5.622	6.295	6.613
2.650	2.749	3.363	4.080	5.112	5.546	5.749	6.412	6.716
2.670	2.789	3.362	4.121	5.154	5.542	5.747	6.397	6.717
2.650	2.728	3.209	3.936	4.977	5.353	5.581	6.253	6.599
2.720	2.809	3.342	4.059	5.090	5.479	5.695	6.344	6.692
2.680	2.809	3.383	4.090	5.078	5.478	5.694	6.331	6.666
2.640	2.728	3.281	3.956	4.942	5.353	5.569	6.229	6.591
2.630	2.698	3.209	3.852	4.849	5.259	5.521	6.130	6.506
2.630	2.698	3.220	3.852	4.848	5.259	5.510	6.143	6.492
2.620	2.688	3.230	3.842	4.860	5.293	5.543	6.189	6.537
2.630	2.718	3.240	3.862	4.880	5.325	5.587	6.233	6.511
2.650	2.728	3.250	3.883	4.825	5.270	5.532	6.178	6.439
2.690	2.769	3.229	3.914	4.868	5.301	5.564	6.222	6.484
2.690	2.789	3.280	3.987	4.952	5.386	5.648	6.358	6.540
2.680	2.769	3.281	3.997	4.962	5.396	5.659	6.344	6.552
2.700	2.779	3.280	4.018	4.951	5.385	5.636	6.334	6.514
2.700	2.779	3.301	4.007	4.864	5.298	5.549	6.258	6.454
2.700	2.779	3.209	3.925	4.868	5.301	5.564	6.260	6.427
2.700	2.789	3.219	3.914	4.879	5.312	5.575	6.258	6.454
2.720	2.809	3.280	3.976	4.919	5.331	5.582	6.279	6.474
2.710	2.799	3.209	3.894	4.836	5.258	5.544	6.240	6.420
2.710	2.789	3.301	3.903	4.823	5.246	5.509	6.217	6.412
2.710	2.799	3.342	3.933	4.843	5.266	5.541	6.237	6.419
2.710	2.820	3.393	4.005	4.917	5.351	5.626	6.336	6.503
2.680	2.749	3.209	3.862	4.783	5.205	5.479	6.186	6.394
2.730	2.820	3.393	4.058	4.904	5.327	5.591	6.301	6.482
2.730	2.820	3.475	4.172	5.019	5.431	5.695	6.282	6.511
2.750	2.850	3.485	4.213	5.061	5.474	5.737	6.324	6.554
2.770	2.830	3.516	4.223	5.082	5.506	5.770	6.370	6.600
2.730	2.820	3.496	4.224	5.093	5.529	5.792	6.392	6.621
2.740	2.870	3.670	4.420	5.302	5.739	6.003	6.568	6.799
2.720	2.880	3.722	4.524	5.408	5.833	6.086	6.639	6.858
2.740	2.891	3.691	4.504	5.343	5.814	6.066	6.619	6.838
2.720	2.860	3.660	4.483	5.311	5.782	6.035	6.587	6.877
2.690	2.820	3.578	4.412	5.261	5.708	5.972	6.536	6.840
2.740	2.880	3.722	4.566	5.406	5.877	6.142	6.695	6.985
2.750	2.911	3.721	4.556	5.362	5.822	6.075	6.616	6.892
2.750	2.931	3.731	4.545	5.352	5.800	6.053	6.581	6.845
2.720	2.911	3.701	4.503	5.343	5.791	6.032	6.572	6.835
2.730	2.951	3.845	4.659	5.455	5.962	6.179	6.708	6.972
2.670	2.901	3.814	4.596	5.316	5.890	6.107	6.635	6.885
2.690	2.911	3.866	4.648	5.313	5.923	6.163	6.666	6.944
2.660	2.921	3.855	4.648	5.324	5.922	6.162	6.653	6.932
2.730	2.951	3.855	4.627	5.314	5.832	6.108	6.611	6.890
2.710	2.911	3.845	4.574	5.338	5.878	6.166	6.656	6.975
2.680	2.911	3.866	4.658	5.389	5.942	6.218	6.696	7.017
2.670	2.911	3.866	4.637	5.357	5.909	6.198	6.700	7.021
2.680	2.921	3.865	4.606	5.314	5.912	6.200	6.690	7.025
2.680	2.901	3.907	4.584	5.140	5.760	6.084	6.585	6.918
2.700	2.891	3.897	4.552	5.108	5.717	6.041	6.554	6.877
2.700	2.911	3.948	4.572	5.107	5.716	6.051	6.552	6.861
2.630	2.809	3.815	4.460	5.004	5.612	5.935	6.435	6.772
2.620	2.820	3.866	4.511	5.056	5.664	5.988	6.488	6.838
2.560	2.779	3.784	4.418	4.962	5.581	5.904	6.416	6.767
2.570	2.769	3.805	4.439	4.983	5.602	5.925	6.463	6.826
2.570	2.749	3.774	4.408	4.952	5.560	5.894	6.431	6.794
2.560	2.728	3.682	4.347	4.869	5.475	5.810	6.358	6.733
2.580	2.738	3.682	4.336	4.869	5.487	5.809	6.358	6.734
2.590	2.759	3.651	4.379	4.933	5.529	5.863	6.400	6.789
2.570	2.688	3.620	4.327	4.925	5.509	5.878	6.439	6.827
2.560	2.647	3.518	4.256	4.907	5.490	5.860	6.369	6.757
2.590	2.688	3.497	4.298	4.949	5.544	5.914	6.411	6.800
2.590	2.678	3.497	4.288	4.939	5.534	5.903	6.400	6.789
2.590	2.668	3.487	4.298	4.939	5.499	5.881	6.328	6.747
2.590	2.657	3.538	4.213	4.876	5.413	5.794	6.304	6.722
2.590	2.647	3.436	4.184	4.813	5.429	5.798	6.269	6.701
2.600	2.637	3.415	4.121	4.772	5.388	5.756	6.227	6.673
2.620	2.678	3.404	4.205	4.823	5.463	5.831	6.352	6.726
2.570	2.627	3.333	4.144	4.740	5.412	5.768	6.264	6.594
2.600	2.647	3.364	4.133	4.729	5.333	5.654	6.250	6.606
2.590	2.657	3.374	4.164	4.771	5.387	5.696	6.306	6.645
2.600	2.627	3.323	4.102	4.709	5.336	5.656	6.252	6.605
2.600	2.627	3.251	4.103	4.688	5.349	5.669	6.277	6.630
2.590	2.617	3.230	4.083	4.667	5.305	5.637	6.257	6.623
2.590	2.647	3.384	4.269	4.898	5.481	5.803	6.413	6.707
2.560	2.597	3.272	4.156	4.773	5.377	5.710	6.319	6.625
2.640	2.668	3.292	4.176	4.728	5.333	5.654	6.288	6.608
2.660	2.698	3.394	4.268	4.821	5.416	5.761	6.396	6.717
2.630	2.718	3.456	4.351	4.905	5.488	5.822	6.459	6.752
2.610	2.688	3.394	4.300	4.853	5.425	5.759	6.394	6.715
2.620	2.688	3.384	4.258	4.778	5.361	5.706	6.329	6.650
2.620	2.718	3.476	4.383	4.892	5.442	5.788	6.412	6.720
2.600	2.698	3.394	4.289	4.799	5.348	5.705	6.328	6.649
2.590	2.688	3.343	4.217	4.737	5.297	5.642	6.263	6.597
2.570	2.657	3.323	4.175	4.684	5.255	5.600	6.221	6.569
2.590	2.678	3.374	4.227	4.736	5.296	5.641	6.263	6.612
2.570	2.647	3.333	4.207	4.705	5.265	5.598	6.219	6.582
2.570	2.637	3.353	4.206	4.705	5.253	5.598	6.219	6.569
2.570	2.607	3.323	4.197	4.673	5.210	5.567	6.163	6.540
2.470	2.546	3.170	4.126	4.613	5.171	5.516	6.111	6.487
2.490	2.546	3.149	4.095	4.571	5.140	5.485	6.079	6.470
2.470	2.526	3.211	4.147	4.590	5.149	5.493	6.088	6.465
2.480	2.485	3.150	4.053	4.551	5.098	5.442	6.035	6.425
2.490	2.526	3.190	4.052	4.550	5.119	5.452	6.058	6.446
2.520	2.587	3.241	4.072	4.592	5.128	5.449	6.068	6.458
2.490	2.556	3.159	3.990	4.477	5.023	5.355	5.973	6.375
2.500	2.556	3.210	4.062	4.571	5.118	5.427	6.059	6.476
2.510	2.546	3.190	4.031	4.551	5.097	5.407	6.013	6.430
2.500	2.536	3.129	3.980	4.510	5.045	5.354	5.972	6.374
2.480	2.506	3.129	3.949	4.489	5.013	5.322	5.940	6.355
2.450	2.475	3.047	3.877	4.417	4.951	5.260	5.864	6.265
2.440	2.445	2.976	3.784	4.302	4.836	5.144	5.747	6.160
2.480	2.485	3.027	3.825	4.354	4.888	5.196	5.825	6.224
2.470	2.475	2.996	3.784	4.323	4.868	5.176	5.816	6.216
2.450	2.425	2.904	3.681	4.209	4.753	5.072	5.698	6.097
2.460	2.455	2.996	3.763	4.281	4.814	5.134	5.761	6.161
2.460	2.445	2.986	3.753	4.260	4.793	5.113	5.740	6.126
2.470	2.445	3.006	3.805	4.333	4.867	5.187	5.803	6.202
2.490	2.475	2.975	3.774	4.313	4.858	5.178	5.805	6.219
2.460	2.425	2.894	3.702	4.241	4.785	5.116	5.718	6.144
2.460	2.445	2.955	3.785	4.313	4.869	5.189	5.816	6.229
2.440	2.506	2.852	3.755	4.283	4.838	5.146	5.786	6.198
2.470	2.516	2.781	3.724	4.209	4.820	5.116	5.779	6.178
2.470	2.495	2.740	3.642	4.126	4.725	5.032	5.694	6.093
2.480	2.495	2.801	3.682	4.156	4.767	5.074	5.749	6.148
2.450	2.465	2.771	3.725	4.113	4.723	5.019	5.731	6.129
2.460	2.495	2.883	3.733	4.208	4.819	5.126	5.815	6.254
2.480	2.506	2.812	3.661	4.168	4.801	5.096	5.771	6.170
2.480	2.485	2.750	3.579	4.074	4.706	5.013	5.699	6.110
2.480	2.475	2.699	3.465	3.949	4.569	4.887	5.571	5.993
2.500	2.506	2.750	3.495	4.001	4.622	4.940	5.624	6.048
2.490	2.485	2.699	3.423	3.929	4.537	4.867	5.538	5.974
2.470	2.455	2.730	3.412	3.961	4.581	4.922	5.593	6.017
2.490	2.495	2.750	3.474	4.002	4.622	4.963	5.636	6.072
2.470	2.516	2.750	3.464	3.991	4.612	4.964	5.624	6.075
2.460	2.485	2.669	3.351	3.888	4.507	4.859	5.518	5.994
2.461	2.459	2.634	3.245	3.829	4.436	4.760	5.441	5.900
2.487	2.463	2.609	3.206	3.764	4.401	4.726	5.386	5.849
2.485	2.425	2.539	3.104	3.670	4.304	4.636	5.363	5.826
2.475	2.463	2.667	3.165	3.747	4.381	4.703	5.431	5.915
2.469	2.437	2.561	3.076	3.631	4.263	4.592	5.301	5.800
2.506	2.467	2.618	3.073	3.642	4.273	4.602	5.335	5.846
2.531	2.498	2.739	3.254	3.844	4.483	4.796	5.529	6.036
2.527	2.530	2.695	3.290	3.881	4.536	4.851	5.546	6.072
2.516	2.478	2.595	3.102	3.690	4.332	4.659	5.411	5.947
2.534	2.474	2.565	3.026	3.602	4.261	4.597	5.373	5.922
2.492	2.419	2.491	2.912	3.456	4.129	4.464	5.257	5.832
2.526	2.420	2.443	2.820	3.332	4.026	4.382	5.213	5.811
2.567	2.500	2.587	3.015	3.570	4.261	4.576	5.403	5.935
2.464	2.402	2.460	2.907	3.416	4.101	4.452	5.315	5.871
2.486	2.436	2.553	3.068	3.560	4.235	4.527	5.373	5.866
2.483	2.445	2.539	3.018	3.502	4.109	4.405	5.228	5.693
2.546	2.494	2.555	3.049	3.538	4.111	4.408	5.220	5.665
2.507	2.434	2.486	2.863	3.427	3.972	4.261	5.107	5.532
2.581	2.533	2.717	3.109	3.651	4.195	4.448	5.203	5.544
2.491	2.473	2.643	3.074	3.743	4.223	4.475	5.249	5.592
2.492	2.488	2.717	3.145	3.856	4.359	4.630	5.419	5.740
2.520	2.521	2.676	3.110	3.811	4.319	4.603	5.390	5.712
2.518	2.500	2.606	2.990	3.725	4.224	4.528	5.251	5.588
2.538	2.531	2.662	3.026	3.765	4.266	4.572	5.315	5.658
2.511	2.499	2.691	3.190	3.822	4.410	4.721	5.383	6.004
2.518	2.495	2.630	3.145	3.744	4.336	4.653	5.290	5.921
2.588	2.557	2.694	3.198	3.770	4.355	4.684	5.289	5.666
2.551	2.572	2.783	3.246	3.812	4.403	4.683	5.339	5.712
2.529	2.508	2.645	3.147	3.712	4.335	4.617	5.260	5.621
2.532	2.479	2.629	3.083	3.625	4.242	4.365	5.190	5.553
2.447	2.402	2.669	2.987	3.645	4.249	4.388	5.208	5.574
2.436	2.402	2.666	3.006	3.633	4.240	4.373	5.209	5.567
2.385	2.329	2.512	2.822	3.424	4.003	4.145	4.976	5.395
2.403	2.349	2.596	2.866	3.467	4.033	4.165	4.992	5.413
2.349	2.284	2.509	2.776	3.384	3.912	4.057	4.958	5.372
2.399	2.356	2.589	2.874	3.489	4.019	4.147	5.048	5.470
2.421	2.392	2.670	2.963	3.576	4.102	4.219	5.104	5.522
2.421	2.391	2.649	2.947	3.547	4.053	4.168	5.049	5.449
2.428	2.396	2.690	3.002	3.628	4.128	4.238	5.111	5.512
2.429	2.376	2.652	2.912	3.540	4.030	4.185	5.002	5.340
2.427	2.385	2.644	2.888	3.510	3.989	4.163	4.954	5.289
2.461	2.404	2.683	2.940	3.555	4.025	4.197	4.961	5.305
2.335	2.281	2.448	2.736	3.403	3.910	3.933	4.824	5.205
2.436	2.332	2.587	2.851	3.556	3.980	4.032	4.930	5.281
2.375	2.260	2.484	2.737	3.427	3.870	3.921	4.828	5.183
2.358	2.255	2.471	2.730	3.416	3.814	3.906	4.813	5.181
2.396	2.273	2.465	2.736	3.401	3.771	3.854	4.744	5.114
2.391	2.254	2.476	2.718	3.350	3.721	3.793	4.701	4.995
2.419	2.293	2.514	2.815	3.467	3.848	3.916	4.844	5.124
2.426	2.290	2.520	2.797	3.472	3.883	3.954	4.869	5.164
2.393	2.258	2.402	2.651	3.314	3.674	3.754	4.730	5.025
2.340	2.210	2.334	2.555	3.213	3.571	3.656	4.668	4.983
2.385	2.248	2.415	2.657	3.364	3.730	3.830	4.815	5.112
2.318	2.170	2.317	2.546	3.242	3.607	3.727	4.706	5.015
2.320	2.193	2.369	2.586	3.297	3.693	3.767	4.744	5.054
2.298	2.286	2.387	2.583	3.265	3.683	3.768	4.710	5.010
2.294	2.302	2.362	2.537	3.221	3.634	3.705	4.670	4.968
2.312	2.316	2.407	2.587	3.276	3.679	3.751	4.699	4.985
2.249	2.252	2.319	2.471	3.163	3.583	3.656	4.618	4.918
2.300	2.316	2.405	2.581	3.212	3.671	3.752	4.773	5.088
2.265	2.313	2.473	2.648	3.295	3.771	3.866	4.869	5.183
2.258	2.318	2.460	2.648	3.300	3.768	3.866	4.893	5.198
2.347	2.426	2.619	2.857	3.527	4.024	4.122	5.141	5.444
2.322	2.369	2.578	2.818	3.511	4.019	4.130	5.141	5.443
2.364	2.419	2.683	2.955	3.750	4.256	4.315	5.299	5.696
2.321	2.362	2.529	2.858	3.641	4.109	4.170	5.170	5.480
2.442	2.511	2.785	3.129	3.916	4.386	4.434	5.496	5.816
2.466	2.549	2.775	3.174	3.917	4.338	4.389	5.295	5.689
2.490	2.546	2.757	3.154	3.893	4.313	4.371	5.289	5.575
2.505	2.543	2.688	3.070	3.805	4.224	4.291	5.200	5.460
2.478	2.511	2.643	2.989	3.733	4.158	4.139	5.179	5.466
2.417	2.436	2.577	2.901	3.660	4.093	4.127	5.150	5.468
2.366	2.357	2.476	2.776	3.530	3.939	3.972	5.000	5.326
2.336	2.326	2.421	2.740	3.387	3.921	3.957	5.001	5.336
2.284	2.302	2.362	2.676	3.322	3.848	3.889	4.922	5.275
2.247	2.306	2.419	2.778	3.438	3.988	4.033	5.052	5.396
2.202	2.299	2.419	2.782	3.444	4.019	4.078	5.077	5.422
2.227	2.291	2.433	2.817	3.469	4.030	4.086	5.103	5.454
2.055	2.140	2.357	2.838	3.483	4.022	4.067	5.072	5.415
2.057	2.136	2.364	2.842	3.444	3.921	3.936	4.929	5.195
2.042	2.111	2.355	2.842	3.424	3.841	3.964	4.786	5.143
2.019	2.088	2.324	2.805	3.405	3.821	3.942	4.780	5.095
2.019	2.087	2.302	2.747	3.357	3.801	3.931	4.779	5.110
1.966	2.045	2.268	2.657	3.342	3.796	3.921	4.764	5.113
1.962	2.051	2.349	2.802	3.532	4.001	4.137	5.004	5.328
1.953	2.031	2.327	2.783	3.498	3.968	4.110	4.964	5.288
1.963	2.041	2.333	2.786	3.505	3.958	4.102	4.947	5.259
1.958	2.043	2.347	2.793	3.501	3.963	4.108	4.934	5.234
1.934	2.022	2.344	2.847	3.599	4.067	4.210	5.047	5.313
1.935	2.024	2.394	2.934	3.694	4.173	4.316	5.151	5.414
1.911	2.009	2.362	2.943	3.709	4.193	4.322	5.149	5.413
1.925	2.027	2.378	2.935	3.693	4.183	4.313	5.155	5.418
1.922	2.005	2.300	2.824	3.593	4.069	4.198	5.026	5.302
1.911	2.018	2.422	2.949	3.780	4.256	4.392	5.251	5.491
1.912	2.023	2.393	2.951	3.758	4.256	4.398	5.251	5.482
1.890	1.991	2.324	2.890	3.670	4.186	4.341	5.173	5.424
1.963	2.083	2.381	2.977	3.677	4.205	4.453	5.039	5.684
1.961	2.078	2.361	2.945	3.644	4.175	4.429	5.018	5.655
1.953	2.083	2.223	2.660	3.347	3.933	4.312	4.912	5.532
2.004	2.135	2.287	2.715	3.403	3.970	4.356	4.891	5.460
1.991	2.108	2.176	2.594	3.339	3.906	4.142	4.800	5.390
2.011	2.138	2.185	2.581	3.299	3.855	4.094	4.752	5.350
2.132	2.159	2.233	2.638	3.347	3.899	4.124	4.784	5.386
2.122	2.148	2.231	2.622	3.325	3.872	4.099	4.749	5.362
2.119	2.146	2.208	2.596	3.302	3.866	4.094	4.745	5.361
2.114	2.151	2.203	2.607	3.311	3.872	4.115	4.785	5.407
2.125	2.151	2.233	2.666	3.371	3.945	4.190	4.868	5.499
2.077	2.121	2.181	2.597	3.303	3.882	4.128	4.795	5.443
2.033	2.063	2.140	2.470	3.154	3.718	3.985	4.650	5.287
1.750	1.750	1.816	2.495	3.016	3.508	3.906	4.733	5.271
1.780	1.794	1.882	2.548	3.070	3.566	3.955	4.777	5.395
1.790	1.871	1.940	2.599	3.114	3.625	4.018	4.827	5.455
1.915	1.955	2.090	2.549	3.081	3.608	3.991	4.789	5.158
1.916	1.944	2.084	2.549	3.077	3.599	3.977	4.784	5.157
1.907	1.918	2.037	2.499	3.017	3.547	3.943	4.741	5.127
1.977	2.011	2.040	2.464	2.971	3.484	3.882	4.561	5.019
2.017	2.003	2.053	2.469	2.961	3.467	3.861	4.611	5.148
2.044	2.040	2.139	2.381	2.907	3.525	3.847	4.579	5.159
2.045	2.051	2.133	2.372	2.897	3.517	3.845	4.586	5.165
2.051	2.066	2.240	2.548	3.099	3.761	4.090	4.836	5.386
2.045	2.059	2.223	2.515	3.078	3.732	4.074	4.808	5.351
2.020	2.063	2.243	2.555	3.233	3.782	4.125	4.839	5.246
2.108	2.142	2.255	2.552	3.229	3.776	4.124	4.841	5.248
2.008	2.137	2.284	2.545	3.241	3.807	4.152	4.855	5.259
2.008	2.139	2.315	2.667	3.379	3.980	4.327	5.012	5.286
1.958	2.074	2.181	2.525	3.273	3.873	4.216	4.932	5.197
1.978	2.101	2.222	2.571	3.280	3.973	4.198	4.914	5.204
1.988	2.113	2.227	2.488	3.248	3.931	4.145	4.870	5.174
1.953	2.077	2.169	2.440	3.203	3.906	4.113	4.828	5.127
1.943	2.072	2.303	2.456	3.339	3.931	4.136	4.858	5.151
1.910	1.920	2.233	2.377	3.288	3.902	4.107	4.726	5.107
1.912	1.910	2.228	2.380	3.251	3.826	4.030	4.747	5.120
1.906	1.899	2.214	2.339	3.193	3.762	3.976	4.687	5.075
1.886	1.889	2.028	2.391	3.170	3.725	3.934	4.654	5.111
1.881	1.893	2.039	2.419	3.202	3.751	3.958	4.671	5.128
2.115	2.134	2.153	2.423	3.204	3.755	3.898	4.671	5.192
2.107	2.086	2.126	2.413	3.201	3.756	3.901	4.685	5.202
2.001	2.090	2.104	2.400	3.196	3.759	3.907	4.687	5.173
1.995	2.097	2.141	2.457	3.252	3.824	3.971	4.748	5.220
1.991	2.047	2.099	2.382	3.183	3.729	3.915	4.700	5.152
2.012	2.087	2.130	2.422	3.221	3.768	3.944	4.722	5.176
1.996	2.088	2.152	2.440	3.251	3.815	3.981	4.752	5.185
1.956	2.041	2.066	2.344	3.134	3.694	3.864	4.636	5.079
1.957	2.059	2.112	2.387	3.219	3.798	3.953	4.727	5.157
1.845	1.832	1.862	2.186	3.162	3.737	3.891	4.665	5.097
1.696	1.676	1.712	2.170	2.975	3.661	3.825	4.526	5.083
1.752	1.841	1.882	2.260	3.073	3.752	3.919	4.628	5.168
1.717	1.832	1.866	2.244	3.048	3.731	3.958	4.608	5.168
1.690	1.770	1.853	2.214	3.049	3.659	3.827	4.542	5.126
1.692	1.796	1.867	2.174	2.978	3.587	3.759	4.485	5.058
1.702	1.770	1.950	2.309	3.121	3.678	3.847	4.617	5.187
1.702	1.789	1.906	2.232	3.055	3.672	3.839	4.584	5.155
1.652	1.716	1.852	2.218	3.077	3.629	3.803	4.520	5.099
1.848	1.943	1.989	2.379	3.187	3.776	3.894	4.479	5.203
1.811	1.789	1.869	2.314	3.011	3.577	3.795	4.595	5.249
1.792	1.770	1.877	2.313	2.999	3.575	3.789	4.605	5.251
1.779	1.749	1.830	2.260	2.940	3.513	3.727	4.530	5.182
1.789	1.755	1.850	2.259	2.931	3.501	3.708	4.522	5.164
1.702	1.668	1.682	2.036	2.906	3.524	3.675	4.414	5.130
1.662	1.628	1.671	1.924	2.995	3.441	3.587	4.369	5.078
1.777	1.734	1.791	1.993	3.057	3.510	3.647	4.438	5.153
1.809	1.789	1.832	2.083	3.085	3.531	3.669	4.465	5.184
1.733	1.691	1.714	1.953	2.819	3.372	3.549	4.313	5.051
1.706	1.676	1.705	1.909	2.781	3.327	3.508	4.273	5.031
1.706	1.666	1.700	1.934	2.811	3.361	3.542	4.305	5.061
1.656	1.620	1.642	1.882	2.761	3.329	3.514	4.297	5.053
1.617	1.572	1.593	1.824	2.694	3.238	3.430	4.202	4.974
1.623	1.582	1.592	1.858	2.726	3.282	3.463	4.249	4.994
1.644	1.614	1.663	1.933	2.796	3.336	3.513	4.276	4.997
1.689	1.672	1.807	2.108	2.991	3.540	3.714	4.481	5.170
1.638	1.610	1.690	2.004	2.900	3.441	3.615	4.371	5.083
1.651	1.627	1.762	2.099	3.013	3.576	3.751	4.510	5.228
1.686	1.644	1.779	2.175	3.108	3.673	3.857	4.597	5.185
1.668	1.635	1.756	2.187	3.150	3.732	3.920	4.671	5.251
1.672	1.630	1.705	2.117	3.089	3.680	3.862	4.640	5.228
1.775	1.745	1.891	2.346	3.325	3.936	4.118	4.895	5.477
1.770	1.732	1.819	2.220	3.180	3.786	3.974	4.752	5.325
1.771	1.735	1.816	2.198	3.163	3.755	3.941	4.735	5.304
1.730	1.681	1.864	2.215	3.188	3.792	3.972	4.768	5.355
1.685	1.655	1.784	2.244	3.154	3.760	3.951	4.753	5.145
1.564	1.531	1.567	2.174	3.089	3.715	3.899	4.699	5.126
1.617	1.569	1.548	2.181	3.022	3.612	3.803	4.590	5.026
1.610	1.545	1.548	2.169	3.007	3.613	3.802	4.603	5.039
1.492	1.467	1.491	2.197	2.883	3.499	3.864	4.672	5.090
1.515	1.492	1.507	2.194	2.900	3.515	3.883	4.684	5.121
1.586	1.563	1.577	2.292	3.002	3.623	3.994	4.802	5.244
1.574	1.555	1.598	2.327	3.053	3.665	4.037	4.817	5.260
1.577	1.552	1.592	2.304	3.021	3.626	4.002	4.775	5.222
1.558	1.534	1.573	2.368	2.974	3.574	3.953	4.731	5.185
1.579	1.567	1.637	2.463	3.043	3.641	4.018	4.791	5.247
1.614	1.614	1.669	2.504	3.086	3.690	4.064	4.739	5.290
1.628	1.641	1.723	2.587	3.172	3.763	4.135	4.804	5.338
1.618	1.629	1.715	2.576	3.155	3.741	4.092	4.724	5.334
1.589	1.614	1.668	2.513	3.094	3.679	4.026	4.657	5.269
1.601	1.625	1.679	2.525	3.107	3.692	4.038	4.669	5.282
1.599	1.626	1.692	2.553	3.133	3.731	4.078	4.690	5.298
1.583	1.612	1.679	2.541	3.122	3.720	4.065	4.676	5.284
1.626	1.644	1.702	2.535	3.148	3.747	4.093	4.714	5.321
1.621	1.640	1.697	2.531	3.145	3.744	4.089	4.709	5.317
1.610	1.628	1.686	2.490	3.135	3.730	4.078	4.698	5.297
1.545	1.552	1.577	2.378	2.966	3.510	3.873	4.454	5.197
1.611	1.629	1.668	2.473	3.050	3.596	3.965	4.546	5.282
1.619	1.636	1.687	2.500	3.085	3.631	4.004	4.585	5.318
1.591	1.599	1.612	2.364	2.943	3.496	3.878	4.471	5.217
1.551	1.558	1.586	2.327	2.896	3.463	3.813	4.417	5.208
1.605	1.613	1.672	2.449	3.014	3.577	3.950	4.549	5.319
1.528	1.545	1.593	2.360	2.924	3.474	3.853	4.434	5.217
1.595	1.581	1.592	2.220	2.773	3.416	3.673	4.391	5.223
1.597	1.594	1.628	2.205	2.732	3.334	3.540	4.274	5.105
1.587	1.605	1.657	2.254	2.744	3.343	3.555	4.268	5.179
1.609	1.617	1.669	2.250	2.746	3.340	3.554	4.258	5.242
1.573	1.610	1.656	2.233	2.725	3.322	3.535	4.223	5.189
1.574	1.601	1.668	2.245	2.724	3.296	3.503	4.190	5.148
1.534	1.582	1.621	2.188	2.643	3.219	3.414	4.111	5.059
1.569	1.597	1.673	2.254	2.725	3.290	3.485	4.152	5.078
1.502	1.437	1.522	2.132	2.596	3.152	3.347	4.027	4.964
1.538	1.474	1.578	2.190	2.643	3.227	3.410	4.110	5.057
1.469	1.464	1.474	2.009	2.511	2.998	3.233	3.931	4.874
1.582	1.579	1.637	2.119	2.618	3.065	3.333	4.013	4.928
1.577	1.564	1.582	2.030	2.559	2.975	3.239	3.924	4.698
1.580	1.567	1.608	2.055	2.583	3.005	3.265	3.951	4.725
1.576	1.563	1.599	2.044	2.582	3.002	3.264	3.950	4.717
1.587	1.574	1.594	2.009	2.573	3.011	3.284	4.017	4.812
1.591	1.579	1.619	2.005	2.540	2.986	3.279	4.007	4.823
1.592	1.548	1.583	1.972	2.491	2.912	3.204	3.913	4.726
1.594	1.560	1.605	2.007	2.499	2.933	3.231	3.933	4.757
1.620	1.587	1.606	1.998	2.509	2.962	3.272	3.984	4.808
1.609	1.557	1.574	1.906	2.437	2.879	3.188	3.906	4.752
1.564	1.527	1.549	1.903	2.395	2.824	3.122	3.851	4.626
1.556	1.508	1.519	1.920	2.421	2.865	3.164	3.910	4.671
1.555	1.508	1.533	1.928	2.439	2.899	3.210	3.927	4.677
1.536	1.479	1.466	1.866	2.371	2.817	3.121	3.844	4.601
1.466	1.407	1.433	1.780	2.224	2.630	2.878	3.724	4.469
1.425	1.386	1.416	1.813	2.276	2.690	2.929	3.764	4.486
1.369	1.309	1.343	1.729	2.184	2.588	2.828	3.673	4.399
1.303	1.263	1.321	1.705	2.155	2.546	2.784	3.618	4.337
1.307	1.279	1.342	1.773	2.241	2.634	2.865	3.688	4.393
1.334	1.305	1.368	1.841	2.340	2.744	2.976	3.794	4.417
1.306	1.327	1.408	1.840	2.369	2.789	3.041	3.882	4.513
1.254	1.275	1.360	1.777	2.261	2.696	3.003	3.864	4.385
1.265	1.296	1.359	1.787	2.277	2.714	3.029	3.887	4.391
1.295	1.336	1.370	1.781	2.249	2.681	2.991	3.843	4.356
1.249	1.295	1.334	1.719	2.171	2.598	2.907	3.751	4.293
1.348	1.405	1.479	1.912	2.361	2.806	3.094	3.936	4.462
1.267	1.365	1.499	1.976	2.440	2.881	3.191	4.041	4.583
1.265	1.382	1.464	1.937	2.437	2.887	3.191	4.053	4.604
1.297	1.443	1.488	1.930	2.418	2.884	3.199	4.048	4.618
1.319	1.415	1.501	1.926	2.431	2.890	3.219	4.076	4.653
1.311	1.429	1.486	1.915	2.411	2.874	3.206	4.072	4.657
1.298	1.426	1.512	1.946	2.461	2.948	3.321	4.187	4.794
1.309	1.416	1.492	1.938	2.462	2.943	3.289	4.186	4.779
1.343	1.441	1.522	1.990	2.556	3.041	3.394	4.278	4.873
1.446	1.544	1.600	1.925	2.461	2.935	3.354	4.240	4.875
1.451	1.561	1.606	1.920	2.458	2.928	3.345	4.230	4.866
1.404	1.503	1.538	1.909	2.418	2.896	3.309	4.198	4.845
1.317	1.426	1.443	1.892	2.382	2.843	3.259	4.165	4.833
1.297	1.405	1.450	1.927	2.443	2.921	3.333	4.243	4.905
1.322	1.441	1.519	2.071	2.666	3.207	3.639	4.553	5.211
1.317	1.432	1.496	2.039	2.621	3.137	3.575	4.489	5.095
1.326	1.452	1.537	2.077	2.663	3.179	3.620	4.527	5.127
1.323	1.451	1.586	2.126	2.719	3.268	3.713	4.617	5.207
1.322	1.447	1.590	2.243	2.897	3.478	3.916	4.826	5.413
1.300	1.424	1.516	2.131	2.785	3.345	3.802	4.706	5.306
1.323	1.440	1.607	2.129	2.771	3.340	3.802	4.712	5.319
1.309	1.427	1.542	2.119	2.755	3.356	3.820	4.747	5.358
1.285	1.418	1.508	2.069	2.723	3.335	3.801	4.744	5.352
1.332	1.449	1.561	2.194	2.882	3.483	3.965	4.885	5.470
1.497	1.606	1.719	2.310	2.940	3.707	4.090	5.038	5.607
1.497	1.602	1.670	2.238	2.829	3.572	3.935	4.909	5.453
1.481	1.627	1.783	2.358	2.911	3.652	4.005	5.004	5.569
1.480	1.647	1.798	2.400	2.952	3.696	4.022	5.034	5.543
1.497	1.644	1.752	2.288	2.819	3.545	3.864	4.877	5.412
1.494	1.661	1.815	2.444	2.998	3.690	4.011	5.001	5.543
1.517	1.665	1.820	2.401	2.975	3.616	3.928	4.894	5.431
1.522	1.680	1.816	2.366	2.930	3.589	3.910	4.868	5.388
1.543	1.700	1.829	2.373	2.935	3.589	3.914	4.879	5.442
1.513	1.690	1.838	2.416	2.987	3.640	3.970	4.937	5.509
1.506	1.672	1.807	2.387	2.964	3.677	4.029	5.014	5.599
1.512	1.681	1.836	2.485	3.107	3.796	4.170	5.156	5.649
1.517	1.685	1.792	2.465	3.116	3.799	4.153	5.139	5.607
1.597	1.690	1.874	2.521	3.276	3.808	4.304	5.161	5.689
1.574	1.677	1.835	2.531	3.229	3.738	4.202	5.066	5.580
1.585	1.677	1.845	2.456	3.138	3.656	4.110	4.909	5.498
1.544	1.636	1.888	2.531	3.133	3.770	4.236	5.013	5.593
1.537	1.641	1.908	2.619	3.219	3.857	4.328	5.072	5.606
1.566	1.650	1.952	2.660	3.251	3.898	4.359	5.097	5.621
1.565	1.622	1.952	2.691	3.278	3.941	4.393	5.129	5.654
1.559	1.627	1.910	2.612	3.213	3.877	4.335	5.070	5.596
1.562	1.633	1.949	2.689	3.303	3.955	4.423	5.151	5.662
1.542	1.625	1.875	2.619	3.172	3.815	4.285	4.995	5.536
1.564	1.648	1.833	2.672	3.239	3.911	4.376	5.074	5.613
1.566	1.652	1.940	2.688	3.237	3.913	4.366	5.066	5.607
1.545	1.652	1.982	2.751	3.348	4.054	4.519	5.231	5.744
1.542	1.624	1.956	2.710	3.312	4.020	4.488	5.201	5.734
1.539	1.632	1.903	2.603	3.199	3.891	4.371	5.088	5.651
1.528	1.621	1.841	2.439	3.015	3.689	4.169	4.888	5.502
1.546	1.639	1.866	2.491	3.099	3.769	4.257	4.979	5.595
1.423	1.514	1.630	2.231	2.905	3.602	4.087	4.803	5.644
1.489	1.560	1.672	2.240	2.886	3.568	4.042	4.764	5.323
1.486	1.578	1.715	2.314	2.976	3.615	4.138	4.827	5.372
1.498	1.571	1.687	2.241	2.871	3.510	4.024	4.758	5.313
1.484	1.564	1.676	2.204	2.838	3.483	4.001	4.754	5.329
1.497	1.566	1.675	2.206	2.835	3.479	3.995	4.757	5.341
1.493	1.574	1.698	2.237	2.829	3.453	3.946	4.677	5.233
1.499	1.570	1.695	2.258	2.842	3.457	3.945	4.674	5.207
1.500	1.581	1.734	2.302	2.887	3.505	3.992	4.703	5.210
1.453	1.563	1.675	2.232	2.835	3.471	3.977	4.698	5.237
1.495	1.600	1.707	2.270	2.872	3.501	4.000	4.725	5.263
1.500	1.606	1.767	2.260	2.789	3.412	3.901	4.609	5.224
1.493	1.600	1.807	2.248	2.764	3.377	3.846	4.550	5.157
1.538	1.636	1.816	2.197	2.696	3.301	3.776	4.489	5.111
1.413	1.510	1.604	2.174	2.680	3.292	3.770	4.481	5.112
1.365	1.461	1.512	2.001	2.497	3.110	3.590	4.297	4.936
1.381	1.476	1.525	2.009	2.513	3.128	3.605	4.321	4.957
1.387	1.483	1.540	2.041	2.555	3.182	3.670	4.400	5.030
1.365	1.483	1.593	2.189	2.741	3.386	3.887	4.623	5.223
1.338	1.454	1.557	2.139	2.688	3.326	3.825	4.561	5.172
1.350	1.464	1.582	2.195	2.757	3.414	3.924	4.668	5.283
1.275	1.400	1.547	2.148	2.704	3.351	3.853	4.610	5.239
1.300	1.415	1.572	2.189	2.756	3.412	3.927	4.703	5.313
1.300	1.415	1.568	2.189	2.736	3.380	3.895	4.650	5.293
1.307	1.423	1.575	2.181	2.739	3.388	3.892	4.662	5.274
1.308	1.424	1.598	2.242	2.817	3.471	3.984	4.769	5.376
1.308	1.412	1.613	2.311	2.874	3.535	4.003	4.828	5.362
1.312	1.438	1.694	2.485	3.041	3.685	4.120	4.923	5.421
1.305	1.422	1.653	2.404	2.974	3.606	4.033	4.837	5.337
1.328	1.446	1.674	2.411	2.982	3.611	4.034	4.832	5.343
1.354	1.458	1.678	2.412	2.967	3.589	4.012	4.799	5.309
1.358	1.452	1.648	2.333	2.881	3.492	3.904	4.693	5.218
1.351	1.457	1.669	2.382	2.951	3.559	3.965	4.751	5.295
1.355	1.461	1.644	2.310	2.860	3.467	3.872	4.654	5.206
1.357	1.445	1.647	2.344	2.890	3.497	3.896	4.680	5.214
1.354	1.438	1.604	2.246	2.788	3.393	3.804	4.576	5.141
1.376	1.471	1.669	2.356	2.921	3.536	3.955	4.736	5.292
1.336	1.442	1.584	2.382	2.935	3.607	4.002	4.770	5.293
1.331	1.436	1.579	2.337	2.887	3.556	3.948	4.710	5.232
1.330	1.447	1.628	2.414	2.962	3.628	4.026	4.793	5.299
1.327	1.440	1.602	2.374	2.918	3.581	3.969	4.736	5.240
1.342	1.457	1.655	2.464	3.014	3.683	4.059	4.819	5.371
1.319	1.456	1.674	2.502	3.060	3.737	4.104	4.866	5.418
1.329	1.456	1.701	2.538	3.099	3.781	4.148	4.901	5.447
1.323	1.461	1.703	2.560	3.121	3.803	4.169	4.916	5.455
1.372	1.456	1.747	2.598	3.166	3.840	4.148	4.919	5.368
1.362	1.447	1.747	2.591	3.122	3.792	4.097	4.861	5.316
1.377	1.433	1.685	2.455	2.989	3.629	3.953	4.709	5.187
1.381	1.427	1.652	2.384	2.893	3.533	3.861	4.617	5.107
1.379	1.435	1.659	2.369	2.878	3.501	3.833	4.591	5.090
1.385	1.428	1.656	2.352	2.844	3.446	3.771	4.524	4.982
1.372	1.426	1.705	2.452	2.954	3.561	3.882	4.634	5.078
1.363	1.398	1.628	2.361	2.862	3.467	3.773	4.530	4.979
1.335	1.445	1.747	2.442	2.999	3.533	3.903	4.482	5.025
1.312	1.435	1.757	2.497	3.061	3.601	3.971	4.545	5.069
1.305	1.423	1.737	2.436	3.007	3.547	3.907	4.494	5.019
1.323	1.463	1.801	2.550	3.105	3.645	4.012	4.589	5.102
1.323	1.464	1.797	2.549	3.106	3.646	4.013	4.587	5.103
1.296	1.437	1.871	2.603	3.174	3.725	4.084	4.662	5.162
1.289	1.453	1.900	2.666	3.239	3.809	4.169	4.749	5.226
1.284	1.440	1.874	2.631	3.218	3.795	4.162	4.747	5.227
1.265	1.422	1.914	2.691	3.231	3.806	4.169	4.781	5.269
1.260	1.417	1.876	2.653	3.203	3.770	4.127	4.725	5.223
1.250	1.402	1.767	2.490	3.029	3.583	3.960	4.565	5.096
1.260	1.406	1.800	2.525	3.070	3.622	3.988	4.598	5.135
1.286	1.434	1.857	2.601	3.154	3.729	4.099	4.710	5.231
1.247	1.386	1.763	2.516	3.070	3.643	4.009	4.627	5.168
1.258	1.388	1.701	2.414	2.956	3.540	3.924	4.536	5.104
1.285	1.415	1.770	2.458	3.005	3.580	3.964	4.576	5.139
1.293	1.434	1.778	2.389	2.926	3.606	3.994	4.608	5.167
1.294	1.422	1.740	2.353	2.882	3.558	3.883	4.555	5.119
1.286	1.415	1.758	2.364	2.890	3.555	3.874	4.591	5.078
1.262	1.371	1.727	2.335	2.859	3.515	3.827	4.532	4.999
1.294	1.414	1.780	2.326	2.902	3.551	3.879	4.586	5.053
1.315	1.448	1.824	2.364	2.948	3.606	3.929	4.636	5.098
1.300	1.424	1.826	2.394	3.005	3.685	4.007	4.725	5.180
1.304	1.426	1.774	2.334	2.909	3.579	3.918	4.628	5.106
1.304	1.427	1.769	2.336	2.909	3.580	3.918	4.627	5.106
1.291	1.424	1.788	2.319	2.875	3.550	3.880	4.589	5.078
1.294	1.438	1.785	2.353	2.922	3.611	3.956	4.685	5.167
1.279	1.394	1.747	2.346	2.880	3.551	3.900	4.660	5.149
1.308	1.413	1.756	2.348	2.905	3.559	3.934	4.648	5.144
1.309	1.414	1.750	2.348	2.905	3.560	3.935	4.647	5.144
1.312	1.430	1.839	2.432	3.032	3.696	4.030	4.803	5.291
1.391	1.424	1.668	2.411	3.124	3.711	4.042	4.704	5.314
1.352	1.384	1.632	2.334	3.041	3.647	3.947	4.604	5.235
1.238	1.347	1.593	2.349	3.036	3.633	3.932	4.584	5.217
1.278	1.380	1.609	2.358	2.942	3.533	3.964	4.632	5.234
1.267	1.337	1.497	2.175	2.726	3.301	3.734	4.418	4.895
1.346	1.408	1.566	2.240	2.793	3.353	3.671	4.504	4.993
1.313	1.380	1.500	2.149	2.689	3.172	3.549	4.384	4.890
1.278	1.347	1.443	2.217	2.749	3.226	3.585	4.407	4.893
1.260	1.332	1.401	2.226	2.759	3.234	3.584	4.392	4.852
1.268	1.342	1.426	2.257	2.806	3.303	3.678	4.456	4.913
1.271	1.345	1.427	2.261	2.809	3.306	3.680	4.457	4.914
1.235	1.307	1.371	2.210	2.773	3.267	3.624	4.450	4.905
1.276	1.334	1.351	2.170	2.715	3.234	3.620	4.444	4.862
1.286	1.345	1.350	2.150	2.630	3.194	3.595	4.392	4.814
1.309	1.368	1.412	2.231	2.739	3.325	3.736	4.541	4.956
1.293	1.343	1.380	2.230	2.741	3.336	3.756	4.562	4.979
1.361	1.457	1.484	2.138	2.812	3.315	3.653	4.373	5.160
1.405	1.509	1.606	2.334	2.934	3.516	3.839	4.550	5.224
1.384	1.499	1.579	2.280	2.887	3.481	3.796	4.510	5.186
1.389	1.504	1.546	2.298	2.854	3.483	3.775	4.494	5.169
1.419	1.526	1.574	2.302	2.867	3.508	3.800	4.526	5.205
1.416	1.520	1.532	2.236	2.800	3.439	3.733	4.457	5.076
1.413	1.477	1.540	2.253	2.823	3.465	3.785	4.505	5.098
1.428	1.493	1.593	2.333	2.904	3.552	3.862	4.576	5.159
1.410	1.476	1.534	2.243	2.802	3.437	3.753	4.461	5.055
1.438	1.493	1.552	2.253	2.799	3.400	3.735	4.447	5.044
1.434	1.488	1.592	2.310	2.862	3.468	3.796	4.506	5.097
1.384	1.438	1.496	2.183	2.771	3.322	3.647	4.370	4.981
1.386	1.391	1.509	2.248	2.831	3.329	3.732	4.442	5.004
1.325	1.319	1.511	2.203	2.765	3.264	3.686	4.399	4.959
1.327	1.321	1.514	2.207	2.768	3.266	3.689	4.400	4.959
1.344	1.357	1.529	2.215	2.785	3.261	3.705	4.467	4.889
1.312	1.326	1.509	2.211	2.780	3.257	3.701	4.451	4.875
1.329	1.333	1.498	2.169	2.744	3.223	3.672	4.421	4.848
1.345	1.360	1.562	2.244	2.823	3.317	3.775	4.511	4.935
1.360	1.364	1.549	2.200	2.767	3.244	3.704	4.445	4.875
1.224	1.288	1.506	2.158	2.730	3.257	3.699	4.446	4.877
1.195	1.289	1.463	2.146	2.682	3.233	3.679	4.430	4.862
1.193	1.287	1.443	2.179	2.703	3.249	3.703	4.459	4.889
1.178	1.264	1.445	2.144	2.660	3.193	3.645	4.385	4.816
1.189	1.267	1.462	2.155	2.669	3.209	3.662	4.396	4.857
1.186	1.276	1.511	2.235	2.733	3.267	3.721	4.460	4.914
1.165	1.255	1.484	2.225	2.729	3.269	3.714	4.459	4.978
1.185	1.276	1.504	2.222	2.727	3.229	3.673	4.410	4.912
1.194	1.265	1.445	2.107	2.575	3.071	3.501	4.235	4.762
1.242	1.310	1.405	2.041	2.500	2.973	3.403	4.153	4.685
1.227	1.297	1.383	2.004	2.445	2.913	3.332	4.103	4.611
1.181	1.250	1.353	1.983	2.463	2.939	3.281	4.152	4.597
1.215	1.285	1.349	1.959	2.426	2.906	3.267	4.081	4.546
1.251	1.322	1.470	2.051	2.532	3.026	3.386	4.195	4.656
1.219	1.309	1.432	2.037	2.510	3.007	3.360	4.164	4.612
1.226	1.307	1.421	1.987	2.444	2.929	3.276	4.085	4.532
1.219	1.319	1.449	2.024	2.490	2.974	3.316	4.135	4.577
1.204	1.295	1.414	2.031	2.516	3.006	3.353	4.172	4.601
1.195	1.296	1.402	2.014	2.502	2.998	3.356	4.178	4.611
1.202	1.251	1.391	1.988	2.468	2.948	3.302	4.117	4.553
1.210	1.249	1.398	1.988	2.460	2.939	3.289	4.110	4.537
1.184	1.223	1.391	1.973	2.444	2.938	3.295	4.119	4.549
1.196	1.235	1.386	1.992	2.463	2.964	3.322	4.159	4.597
1.182	1.212	1.416	2.069	2.550	3.052	3.429	4.260	4.691
1.175	1.207	1.429	2.087	2.577	3.098	3.473	4.308	4.735
1.179	1.208	1.460	2.096	2.589	3.106	3.481	4.312	4.742
1.169	1.198	1.428	2.048	2.525	3.029	3.407	4.235	4.681
1.182	1.232	1.499	2.122	2.607	3.118	3.496	4.319	4.750
1.184	1.246	1.617	2.345	2.881	3.414	3.796	4.633	5.018
1.143	1.226	1.571	2.349	2.905	3.450	3.834	4.666	5.050
1.148	1.227	1.548	2.310	2.855	3.456	4.304	4.580	4.974
1.180	1.291	1.596	2.353	2.901	3.434	3.838	4.649	5.043
1.225	1.337	1.620	2.368	2.933	3.472	3.865	4.694	5.085
1.226	1.339	1.621	2.370	2.934	3.473	3.866	4.693	5.072
1.217	1.329	1.597	2.387	2.957	3.504	3.896	4.727	5.099
1.226	1.357	1.670	2.502	3.081	3.635	4.031	4.863	5.236
1.215	1.398	1.753	2.565	3.116	3.652	4.048	4.869	5.220
1.234	1.418	1.766	2.581	3.168	3.720	4.113	4.892	5.302
1.231	1.384	1.721	2.514	3.099	3.649	4.032	4.823	5.245
1.364	1.468	1.778	2.589	3.181	3.730	4.111	4.899	5.313
1.385	1.507	1.826	2.687	3.236	3.826	4.163	4.949	5.365
1.345	1.469	1.814	2.667	3.206	3.787	4.125	4.883	5.292
1.342	1.487	1.824	2.645	3.182	3.766	4.103	4.862	5.277
1.374	1.540	1.938	2.779	3.325	3.903	4.229	4.982	5.362
1.340	1.496	1.897	2.746	3.291	3.860	4.182	4.932	5.303
1.352	1.498	1.880	2.684	3.241	3.809	4.131	4.891	5.274
1.383	1.527	1.971	2.809	3.395	3.970	4.289	5.040	5.411
1.354	1.455	2.095	2.768	3.327	3.907	4.135	4.940	5.520
1.360	1.491	2.103	2.750	3.318	3.890	4.116	4.911	5.502
1.389	1.533	2.143	2.760	3.319	3.904	4.121	4.922	5.510
1.438	1.576	2.171	2.806	3.393	3.982	4.210	5.014	5.616
1.392	1.532	2.121	2.782	3.365	3.963	4.292	4.998	5.602
1.414	1.576	2.183	2.844	3.418	4.006	4.332	5.033	5.631
1.481	1.707	2.355	3.102	3.690	4.277	4.624	5.259	5.805
1.449	1.683	2.329	3.042	3.644	4.235	4.587	5.233	5.800
1.455	1.702	2.318	3.046	3.627	4.211	4.565	5.203	5.769
1.458	1.709	2.378	3.088	3.706	4.274	4.629	5.280	5.862
1.411	1.705	2.398	3.141	3.753	4.317	4.682	5.308	5.893
1.379	1.682	2.289	3.017	3.641	4.195	4.565	5.211	5.779
1.395	1.664	2.240	3.002	3.613	4.160	4.519	5.160	5.747
1.395	1.683	2.320	3.060	3.665	4.222	4.569	5.223	5.801
1.362	1.667	2.328	3.075	3.687	4.238	4.590	5.241	5.812
