4.910	5.032	5.115	5.114	5.222	5.232	5.277	5.274	5.371
4.950	5.063	5.187	5.144	5.209	5.242	5.321	5.306	5.416
4.990	5.114	5.218	5.228	5.357	5.355	5.412	5.397	5.495
4.980	5.093	5.114	5.209	5.284	5.327	5.383	5.379	5.488
4.980	5.063	5.135	5.261	5.358	5.367	5.400	5.433	5.517
5.070	5.196	5.269	5.321	5.375	5.407	5.463	5.531	5.588
5.100	5.227	5.299	5.373	5.415	5.437	5.516	5.596	5.653
5.080	5.186	5.248	5.258	5.312	5.333	5.401	5.481	5.551
4.980	5.073	5.104	5.104	5.179	5.212	5.256	5.396	5.437
4.980	5.042	5.052	4.989	5.098	5.119	5.152	5.315	5.330
4.970	5.073	5.114	5.156	5.199	5.209	5.254	5.371	5.414
4.970	5.063	5.114	5.156	5.177	5.199	5.256	5.395	5.399
4.920	5.073	5.135	5.230	5.218	5.262	5.318	5.446	5.437
4.880	5.063	5.146	5.219	5.218	5.251	5.319	5.411	5.416
4.800	5.052	5.083	5.168	5.145	5.200	5.245	5.325	5.344
4.860	5.052	5.063	5.126	5.125	5.169	5.191	5.249	5.294
4.900	5.032	5.063	5.147	5.114	5.125	5.204	5.261	5.307
4.840	4.970	5.001	5.149	5.147	5.125	5.204	5.296	5.327
4.800	4.919	5.012	5.117	5.105	5.083	5.185	5.277	5.308
4.860	4.929	5.023	5.085	5.117	5.127	5.184	5.252	5.283
4.830	4.940	5.012	5.096	5.095	5.095	5.174	5.254	5.273
4.850	4.940	5.033	5.127	5.202	5.212	5.268	5.347	5.366
4.870	5.022	5.053	5.200	5.275	5.284	5.351	5.431	5.462
4.810	5.032	5.073	5.200	5.318	5.327	5.382	5.450	5.481
4.810	5.001	5.105	5.252	5.348	5.368	5.447	5.538	5.543
4.830	5.052	5.135	5.293	5.411	5.453	5.520	5.599	5.604
4.840	5.042	5.125	5.283	5.368	5.422	5.477	5.580	5.584
4.810	4.970	5.074	5.211	5.296	5.361	5.439	5.505	5.548
4.820	5.011	5.146	5.262	5.347	5.423	5.444	5.595	5.598
4.890	5.001	5.094	5.210	5.295	5.394	5.449	5.563	5.593
4.910	5.032	5.167	5.314	5.421	5.564	5.572	5.686	5.691
4.930	5.032	5.156	5.314	5.399	5.520	5.598	5.639	5.709
4.930	5.052	5.156	5.325	5.420	5.519	5.573	5.652	5.644
4.940	5.093	5.145	5.303	5.389	5.498	5.553	5.619	5.600
4.960	5.104	5.176	5.366	5.440	5.584	5.638	5.740	5.679
4.980	5.124	5.176	5.387	5.461	5.604	5.659	5.724	5.678
5.020	5.145	5.186	5.323	5.409	5.519	5.596	5.626	5.620
5.080	5.145	5.259	5.406	5.481	5.613	5.702	5.719	5.713
5.080	5.216	5.331	5.510	5.617	5.727	5.781	5.799	5.781
5.080	5.247	5.393	5.646	5.741	5.862	5.928	5.958	5.950
5.100	5.247	5.372	5.594	5.700	5.821	5.887	5.904	5.898
5.130	5.268	5.392	5.667	5.784	5.905	5.994	6.010	6.016
5.090	5.288	5.299	5.606	5.723	5.866	5.919	5.948	5.941
5.030	5.257	5.403	5.635	5.753	5.907	5.973	6.013	6.018
5.030	5.268	5.413	5.645	5.818	5.927	5.980	6.034	6.039
5.040	5.227	5.341	5.563	5.735	5.844	5.886	6.000	6.029
5.050	5.268	5.330	5.541	5.703	5.823	5.865	5.968	5.995
5.010	5.196	5.248	5.459	5.653	5.750	5.758	5.909	5.898
5.030	5.216	5.279	5.479	5.663	5.771	5.790	5.893	5.896
5.050	5.237	5.299	5.500	5.683	5.792	5.788	5.879	5.909
5.040	5.216	5.268	5.427	5.621	5.730	5.726	5.817	5.860
5.010	5.237	5.289	5.415	5.621	5.718	5.715	5.818	5.848
4.990	5.216	5.310	5.447	5.576	5.685	5.670	5.775	5.806
4.910	5.145	5.280	5.459	5.576	5.641	5.661	5.765	5.796
4.910	5.145	5.311	5.511	5.650	5.714	5.723	5.827	5.858
4.930	5.134	5.332	5.532	5.671	5.735	5.755	5.847	5.890
4.910	5.052	5.260	5.449	5.610	5.663	5.671	5.799	5.842
4.920	5.073	5.322	5.511	5.650	5.726	5.746	5.861	5.904
4.900	5.052	5.270	5.449	5.610	5.685	5.728	5.855	5.897
4.920	5.063	5.301	5.480	5.652	5.738	5.769	5.920	5.961
4.890	5.022	5.271	5.449	5.599	5.652	5.695	5.847	5.888
4.940	5.083	5.312	5.490	5.619	5.683	5.738	5.889	5.930
4.870	5.063	5.312	5.522	5.650	5.726	5.780	5.931	5.985
4.850	5.032	5.271	5.449	5.566	5.642	5.697	5.812	5.879
4.870	5.052	5.281	5.470	5.576	5.641	5.707	5.834	5.915
4.850	5.073	5.239	5.407	5.503	5.557	5.635	5.726	5.820
4.860	5.104	5.270	5.417	5.524	5.611	5.666	5.744	5.828
4.910	5.114	5.238	5.333	5.440	5.483	5.538	5.654	5.736
4.840	5.032	5.229	5.334	5.441	5.494	5.584	5.639	5.788
4.840	5.073	5.239	5.397	5.503	5.523	5.602	5.681	5.736
4.770	5.083	5.249	5.439	5.545	5.599	5.677	5.767	5.821
4.790	5.104	5.249	5.438	5.523	5.577	5.679	5.757	5.823
4.800	5.124	5.259	5.406	5.535	5.611	5.712	5.777	5.857
4.840	5.165	5.321	5.468	5.586	5.651	5.764	5.853	5.932
4.850	5.165	5.279	5.406	5.491	5.567	5.692	5.781	5.860
4.920	5.165	5.300	5.426	5.533	5.587	5.712	5.789	5.870
4.860	5.124	5.280	5.416	5.534	5.588	5.701	5.766	5.860
4.900	5.165	5.321	5.489	5.640	5.682	5.783	5.861	5.940
4.930	5.206	5.310	5.510	5.617	5.693	5.794	5.848	5.967
4.980	5.216	5.320	5.489	5.618	5.682	5.784	5.837	5.943
4.990	5.206	5.310	5.436	5.587	5.674	5.752	5.806	5.925
5.090	5.216	5.362	5.456	5.640	5.727	5.804	5.858	5.991
5.010	5.206	5.310	5.447	5.587	5.674	5.740	5.782	5.903
5.070	5.288	5.413	5.539	5.679	5.823	5.888	5.966	6.031
5.110	5.288	5.423	5.550	5.679	5.811	5.889	5.978	6.068
5.140	5.329	5.444	5.591	5.742	5.874	5.952	6.053	6.116
5.120	5.298	5.413	5.592	5.721	5.853	5.942	6.043	6.093
5.130	5.319	5.465	5.686	5.837	5.980	6.069	6.169	6.218
5.130	5.319	5.444	5.687	5.859	6.013	6.090	6.215	6.264
5.070	5.278	5.392	5.614	5.786	5.963	6.028	6.153	6.270
5.080	5.278	5.413	5.656	5.839	6.004	6.092	6.192	6.323
5.070	5.288	5.423	5.656	5.828	5.982	6.024	6.174	6.304
5.050	5.257	5.351	5.594	5.777	5.886	5.939	6.066	6.209
5.130	5.339	5.475	5.771	5.965	6.119	6.148	6.287	6.430
5.110	5.339	5.454	5.729	5.945	6.087	6.152	6.289	6.432
5.140	5.432	5.557	5.832	6.037	6.180	6.233	6.359	6.477
5.090	5.370	5.558	5.864	6.025	6.145	6.199	6.301	6.394
5.070	5.350	5.527	5.855	6.026	6.135	6.200	6.314	6.392
5.040	5.319	5.465	5.761	5.976	6.073	6.115	6.328	6.324
5.080	5.339	5.475	5.739	5.944	6.064	6.106	6.293	6.305
5.110	5.360	5.495	5.760	5.954	6.074	6.104	6.292	6.304
5.180	5.432	5.567	5.864	6.069	6.189	6.230	6.381	6.393
5.210	5.504	5.629	5.894	6.154	6.262	6.303	6.467	6.466
5.210	5.493	5.608	5.798	6.180	6.253	6.282	6.434	6.447
5.200	5.493	5.618	5.798	6.191	6.264	6.281	6.458	6.442
5.240	5.586	5.732	5.975	6.269	6.411	6.440	6.604	6.642
5.210	5.586	5.711	5.976	6.248	6.379	6.443	6.631	6.667
5.150	5.586	5.701	6.040	6.289	6.397	6.451	6.590	6.695
5.120	5.565	5.701	6.030	6.290	6.398	6.439	6.591	6.683
5.120	5.586	5.721	6.061	6.310	6.430	6.447	6.599	6.692
5.120	5.586	5.732	6.071	6.332	6.428	6.458	6.573	6.733
5.090	5.555	5.774	6.124	6.373	6.492	6.533	6.660	6.793
5.170	5.596	5.763	6.177	6.415	6.534	6.587	6.714	6.847
5.240	5.678	5.804	6.208	6.203	6.635	6.672	6.821	6.963
5.140	5.627	5.804	6.155	6.470	6.589	6.594	6.709	6.869
5.190	5.637	5.794	6.123	6.483	6.532	6.597	6.711	6.884
5.100	5.586	5.680	6.062	6.300	6.477	6.540	6.703	6.846
5.060	5.463	5.640	5.968	6.173	6.338	6.367	6.742	6.675
5.090	5.483	5.681	6.063	6.256	6.410	6.451	6.752	6.715
5.120	5.524	5.722	6.104	6.298	6.463	6.516	6.667	6.797
5.160	5.545	5.764	6.146	6.339	6.516	6.581	6.743	6.831
5.140	5.545	5.858	6.229	6.422	6.611	6.687	6.862	6.935
5.130	5.524	5.827	6.198	6.402	6.579	6.667	6.804	6.934
5.240	5.606	5.857	6.250	6.421	6.587	6.664	6.802	6.932
5.240	5.586	5.836	6.197	6.346	6.513	6.590	6.703	6.848
5.280	5.668	5.877	6.216	6.400	6.509	6.586	6.688	6.849
5.210	5.555	5.743	6.018	6.213	6.310	6.388	6.490	6.690
5.090	5.576	5.784	6.092	6.275	6.372	6.473	6.575	6.790
5.100	5.535	5.764	6.082	6.254	6.351	6.453	6.591	6.777
5.110	5.524	5.764	6.071	6.254	6.363	6.452	6.566	6.767
5.080	5.483	5.754	6.114	6.297	6.406	6.506	6.632	6.818
5.020	5.473	5.754	6.136	6.296	6.451	6.527	6.665	6.865
5.100	5.422	5.724	6.084	6.244	6.376	6.453	6.591	6.791
5.130	5.463	5.765	6.072	6.221	6.376	6.465	6.615	6.787
5.160	5.463	5.744	5.997	6.137	6.269	6.358	6.509	6.681
5.110	5.298	5.736	6.020	6.148	6.257	6.347	6.485	6.659
5.120	5.360	5.735	6.052	6.168	6.278	6.367	6.506	6.665
5.140	5.350	5.735	6.052	6.168	6.278	6.367	6.482	6.669
5.140	5.339	5.725	5.978	6.106	6.215	6.305	6.419	6.605
5.090	5.360	5.745	5.966	6.106	6.204	6.294	6.420	6.607
5.090	5.350	5.683	5.915	6.043	6.175	6.253	6.404	6.577
5.050	5.360	5.683	5.947	6.086	6.195	6.273	6.424	6.610
5.120	5.401	5.787	6.071	6.232	6.319	6.408	6.572	6.746
5.150	5.452	5.817	6.113	6.285	6.394	6.460	6.636	6.795
5.200	5.514	5.837	6.133	6.283	6.381	6.483	6.659	6.818
5.220	5.555	5.837	6.122	6.273	6.382	6.472	6.623	6.770
5.220	5.586	5.868	6.153	6.304	6.402	6.491	6.618	6.780
5.220	5.606	5.909	6.205	6.400	6.463	6.565	6.692	6.824
5.210	5.606	5.899	6.195	6.389	6.464	6.554	6.706	6.825
5.300	5.720	5.981	6.267	6.428	6.526	6.616	6.756	6.877
5.330	5.750	5.980	6.309	6.437	6.593	6.694	6.808	6.942
5.270	5.740	5.928	6.268	6.429	6.573	6.674	6.800	6.934
5.220	5.699	5.866	6.195	6.345	6.478	6.579	6.730	6.850
5.310	5.812	5.979	6.352	6.557	6.689	6.777	6.929	7.019
5.410	5.894	6.062	6.445	6.650	6.794	6.871	7.022	7.115
5.430	5.894	6.062	6.445	6.662	6.816	6.893	7.031	7.138
5.350	5.802	5.990	6.362	6.523	6.713	6.837	6.936	7.096
5.240	5.812	6.031	6.404	6.620	6.798	6.910	7.009	7.081
5.210	5.812	6.000	6.340	6.535	6.667	6.804	6.903	6.978
5.200	5.792	6.000	6.308	6.492	6.613	6.750	6.837	6.913
5.270	5.833	5.968	6.245	6.407	6.528	6.689	6.739	6.829
5.220	5.761	5.917	6.225	6.409	6.507	6.668	6.730	6.819
5.270	5.833	5.979	6.330	6.480	6.601	6.762	6.837	6.912
5.320	5.833	5.937	6.267	6.417	6.527	6.688	6.776	6.820
5.390	5.874	5.978	6.308	6.448	6.535	6.708	6.771	6.831
5.380	5.802	5.948	6.256	6.363	6.450	6.612	6.700	6.760
5.340	5.761	5.917	6.172	6.268	6.333	6.518	6.582	6.672
5.350	5.802	5.969	6.192	6.365	6.418	6.579	6.631	6.706
5.470	5.915	6.103	6.283	6.457	6.567	6.693	6.782	6.842
5.460	5.956	6.165	6.377	6.551	6.673	6.798	6.900	7.006
5.500	5.997	6.154	6.367	6.518	6.675	6.776	6.890	7.025
5.500	6.018	6.185	6.398	6.538	6.672	6.810	6.936	7.027
5.470	6.008	6.164	6.388	6.550	6.707	6.832	6.970	7.033
5.470	5.946	6.092	6.283	6.457	6.579	6.716	6.842	6.905
5.480	5.946	6.092	6.294	6.457	6.601	6.715	6.866	6.901
5.380	5.946	6.144	6.335	6.487	6.643	6.757	6.920	6.956
5.370	5.966	6.144	6.335	6.476	6.644	6.745	6.896	6.919
5.370	5.956	6.176	6.356	6.463	6.666	6.791	6.929	6.951
5.290	5.905	6.135	6.304	6.445	6.601	6.726	6.840	6.890
5.320	5.925	6.134	6.304	6.444	6.567	6.681	6.832	6.896
5.440	5.956	6.165	6.356	6.508	6.630	6.756	6.907	6.955
5.370	5.915	6.103	6.294	6.457	6.567	6.693	6.844	6.920
5.330	5.884	6.093	6.273	6.447	6.568	6.670	6.809	6.901
5.310	5.905	6.103	6.273	6.413	6.535	6.661	6.750	6.844
5.340	5.936	6.145	6.303	6.466	6.577	6.667	6.807	6.886
5.440	5.905	6.114	6.315	6.478	6.599	6.689	6.817	6.896
5.450	5.915	6.103	6.315	6.467	6.554	6.680	6.807	6.900
5.480	5.864	6.031	6.211	6.351	6.439	6.553	6.643	6.751
5.440	5.864	6.041	6.210	6.373	6.438	6.552	6.606	6.741
5.470	5.874	6.072	6.263	6.404	6.503	6.605	6.695	6.790
5.530	5.833	6.094	6.316	6.478	6.577	6.691	6.805	6.885
5.430	5.750	6.064	6.296	6.480	6.590	6.715	6.829	6.893
5.500	5.792	6.053	6.243	6.438	6.537	6.615	6.742	6.822
5.520	5.853	6.156	6.357	6.564	6.662	6.740	6.880	6.921
5.480	5.843	6.125	6.315	6.511	6.621	6.687	6.790	6.829
5.480	5.946	6.197	6.419	6.615	6.713	6.803	6.906	6.919
5.450	5.915	6.208	6.441	6.636	6.746	6.836	6.888	6.903
5.450	5.936	6.207	6.451	6.636	6.746	6.836	6.901	6.902
5.430	5.925	6.208	6.430	6.615	6.724	6.814	6.892	6.892
5.440	5.946	6.207	6.430	6.614	6.736	6.814	6.891	6.907
5.480	5.956	6.218	6.429	6.614	6.736	6.826	6.903	6.890
5.630	5.987	6.269	6.492	6.699	6.809	6.898	6.988	6.948
5.670	5.997	6.311	6.544	6.751	6.872	6.902	7.057	7.014
5.650	5.956	6.218	6.440	6.647	6.745	6.776	6.942	6.914
5.730	6.039	6.290	6.534	6.741	6.862	6.892	7.034	7.019
5.750	6.049	6.310	6.565	6.739	6.895	6.913	7.067	7.052
5.720	6.028	6.311	6.555	6.728	6.884	6.902	7.006	7.020
5.730	6.069	6.331	6.586	6.771	6.915	6.945	7.049	7.049
5.650	6.080	6.331	6.597	6.759	6.904	6.946	7.037	7.051
5.650	6.152	6.393	6.626	6.789	6.934	6.964	7.081	7.081
5.740	6.142	6.403	6.648	6.788	6.933	6.976	7.080	7.107
5.730	6.121	6.372	6.584	6.736	6.858	6.913	7.005	7.060
5.700	6.080	6.310	6.544	6.662	6.761	6.828	6.895	6.965
5.680	6.059	6.258	6.449	6.557	6.679	6.734	6.752	6.864
5.690	6.100	6.289	6.490	6.598	6.686	6.754	6.809	6.908
5.690	6.090	6.268	6.459	6.567	6.644	6.723	6.766	6.865
5.690	6.121	6.299	6.479	6.576	6.653	6.709	6.777	6.876
5.670	6.131	6.278	6.437	6.534	6.611	6.667	6.736	6.848
5.620	6.028	6.164	6.398	6.517	6.559	6.639	6.694	6.806
5.660	6.049	6.206	6.408	6.515	6.581	6.648	6.691	6.833
5.690	6.059	6.216	6.439	6.536	6.601	6.574	6.707	6.845
5.690	6.100	6.236	6.481	6.566	6.620	6.665	6.734	6.861
5.750	6.111	6.236	6.481	6.566	6.586	6.679	6.771	6.862
5.830	5.997	6.165	6.398	6.528	6.604	6.624	6.742	6.794
5.860	6.028	6.196	6.408	6.527	6.615	6.623	6.741	6.795
5.900	6.059	6.247	6.481	6.589	6.665	6.685	6.779	6.834
5.830	6.049	6.258	6.524	6.642	6.718	6.750	6.868	6.908
5.830	6.049	6.269	6.534	6.663	6.740	6.759	6.878	6.931
5.830	6.039	6.290	6.545	6.707	6.783	6.802	6.871	6.926
5.840	6.069	6.268	6.534	6.685	6.773	6.792	6.923	6.960
5.790	6.039	6.258	6.513	6.698	6.762	6.781	6.912	6.964
5.800	6.080	6.268	6.502	6.676	6.751	6.771	6.889	6.954
5.840	6.069	6.268	6.502	6.676	6.751	6.771	6.889	6.954
5.850	6.111	6.299	6.533	6.718	6.793	6.813	6.931	7.011
5.860	6.111	6.309	6.533	6.718	6.793	6.813	6.931	7.011
5.850	6.131	6.320	6.564	6.749	6.836	6.879	6.984	7.090
5.810	6.131	6.320	6.575	6.738	6.813	6.892	6.984	7.050
5.800	6.142	6.361	6.595	6.769	6.856	6.923	7.027	7.079
5.800	6.090	6.299	6.501	6.686	6.773	6.840	6.944	7.038
5.770	6.152	6.309	6.511	6.707	6.771	6.851	6.942	7.038
5.760	6.162	6.288	6.511	6.663	6.728	6.807	6.887	6.997
5.770	6.172	6.277	6.554	6.706	6.770	6.838	6.930	7.041
5.820	6.203	6.266	6.533	6.685	6.749	6.817	6.909	7.033
5.840	6.203	6.256	6.501	6.653	6.695	6.763	6.831	6.968
5.940	6.348	6.421	6.538	6.669	6.712	6.793	6.861	7.001
6.080	6.358	6.505	6.643	6.785	6.827	6.884	7.003	7.113
6.030	6.358	6.526	6.664	6.783	6.826	6.859	7.042	7.152
6.100	6.420	6.588	6.736	6.856	6.899	6.944	7.126	7.221
6.150	6.451	6.608	6.736	6.845	6.899	6.944	7.114	7.196
6.230	6.492	6.660	6.777	6.897	6.963	7.043	7.262	7.242
6.280	6.513	6.639	6.788	6.908	6.974	7.066	7.196	7.260
6.220	6.471	6.639	6.799	6.930	6.995	7.076	7.206	7.271
6.160	6.399	6.640	6.821	6.951	7.028	7.108	7.251	7.314
6.160	6.399	6.640	6.821	6.951	7.028	7.096	7.240	7.302
6.120	6.399	6.598	6.758	6.888	6.977	7.057	7.187	7.264
6.050	6.337	6.589	6.769	6.911	6.999	7.079	7.208	7.285
5.890	6.296	6.569	6.770	6.900	6.989	7.068	7.185	7.262
5.870	6.317	6.579	6.738	6.879	6.968	7.047	7.177	7.240
6.020	6.389	6.651	6.789	6.986	6.993	7.062	7.193	7.271
6.110	6.440	6.776	6.967	7.097	7.186	7.290	7.369	7.489
6.120	6.379	6.693	6.863	6.993	7.070	7.162	7.267	7.373
6.150	6.410	6.756	6.979	7.109	7.209	7.300	7.366	7.486
6.100	6.327	6.705	6.906	7.036	7.136	7.227	7.293	7.414
6.130	6.358	6.746	6.947	7.066	7.178	7.269	7.323	7.389
6.110	6.337	6.747	6.958	7.077	7.142	7.198	7.342	7.434
6.140	6.317	6.810	7.043	7.172	7.249	7.304	7.474	7.592
6.160	6.379	6.841	7.084	7.214	7.290	7.358	7.502	7.649
6.160	6.379	6.841	7.084	7.214	7.302	7.369	7.513	7.620
6.110	6.337	6.820	7.031	7.161	7.238	7.318	7.461	7.596
6.120	6.337	6.810	7.032	7.161	7.238	7.330	7.460	7.596
6.100	6.358	6.830	7.074	7.203	7.303	7.382	7.525	7.730
6.210	6.440	6.808	7.052	7.182	7.270	7.362	7.505	7.654
6.190	6.513	6.817	7.138	7.267	7.378	7.457	7.549	7.700
6.180	6.502	6.796	7.084	7.225	7.313	7.405	7.509	7.660
6.230	6.533	6.806	7.073	7.203	7.279	7.371	7.464	7.587
6.210	6.492	6.786	7.063	7.193	7.269	7.349	7.429	7.554
6.280	6.554	6.869	7.157	7.298	7.374	7.454	7.496	7.594
6.260	6.554	6.869	7.157	7.298	7.339	7.408	7.413	7.500
6.350	6.626	6.931	7.209	7.349	7.391	7.435	7.454	7.450
6.350	6.699	6.993	7.217	7.370	7.411	7.431	7.401	7.451
6.280	6.657	6.888	7.242	7.371	7.401	7.409	7.366	7.377
6.350	6.678	6.878	7.167	7.263	7.259	7.256	7.392	7.355
6.520	6.916	7.052	7.375	7.493	7.500	7.522	7.504	7.485
6.410	6.833	7.001	7.356	7.485	7.515	7.535	7.517	7.497
6.450	6.895	6.979	7.334	7.452	7.517	7.525	7.482	7.462
6.410	6.874	6.958	7.313	7.432	7.462	7.470	7.516	7.538
6.490	6.916	7.021	7.322	7.452	7.517	7.537	7.620	7.596
6.470	6.916	7.010	7.301	7.408	7.439	7.460	7.544	7.519
6.470	6.926	7.031	7.278	7.386	7.417	7.439	7.485	7.477
6.580	6.957	7.062	7.320	7.417	7.460	7.493	7.538	7.489
6.540	6.905	7.053	7.267	7.375	7.430	7.499	7.543	7.492
6.540	6.947	7.083	7.319	7.439	7.470	7.527	7.572	7.495
6.580	6.967	7.146	7.317	7.404	7.447	7.505	7.525	7.421
6.600	6.967	7.125	7.318	7.382	7.414	7.508	7.502	7.427
6.600	6.936	7.073	7.223	7.299	7.342	7.292	7.303	7.315
6.570	6.895	7.084	7.234	7.332	7.363	7.445	7.439	7.447
6.560	6.874	7.043	7.214	7.244	7.277	7.347	7.367	7.375
6.530	6.792	6.981	7.087	7.152	7.207	7.265	7.335	7.409
6.610	6.874	7.085	7.223	7.276	7.321	7.366	7.412	7.490
6.550	6.843	7.106	7.233	7.276	7.332	7.377	7.347	7.441
6.540	6.843	7.022	7.214	7.256	7.312	7.345	7.316	7.409
6.520	6.833	7.012	7.215	7.256	7.312	7.357	7.290	7.398
6.590	6.843	6.990	7.205	7.257	7.324	7.357	7.352	7.431
6.600	6.864	7.032	7.236	7.299	7.355	7.400	7.395	7.447
6.560	6.833	6.970	7.173	7.226	7.281	7.315	7.323	7.403
6.570	6.885	6.990	7.183	7.280	7.347	7.380	7.387	7.452
6.560	6.854	6.959	7.141	7.227	7.294	7.327	7.360	7.422
6.620	6.885	7.021	7.225	7.311	7.366	7.423	7.442	7.478
6.570	6.843	6.948	7.163	7.238	7.293	7.350	7.395	7.430
6.620	6.874	6.979	7.151	7.215	7.259	7.305	7.338	7.331
6.600	6.895	7.000	7.172	7.281	7.312	7.358	7.378	7.386
6.600	6.864	6.990	7.172	7.248	7.279	7.313	7.334	7.329
6.610	6.885	6.990	7.161	7.237	7.269	7.291	7.274	7.272
6.650	6.916	7.021	7.192	7.257	7.266	7.300	7.284	7.255
6.660	6.874	7.022	7.193	7.246	7.255	7.265	7.250	7.209
6.660	6.854	7.011	7.161	7.225	7.223	7.233	7.231	7.175
6.620	6.874	7.011	7.182	7.224	7.210	7.221	7.207	7.125
6.640	6.916	7.105	7.308	7.339	7.336	7.335	7.333	7.236
6.570	6.905	7.074	7.277	7.319	7.305	7.315	7.288	7.207
6.580	6.905	7.074	7.266	7.297	7.271	7.271	7.257	7.267
6.570	6.926	7.073	7.255	7.275	7.261	7.248	7.248	7.272
6.580	6.916	7.031	7.149	7.203	7.166	7.166	7.140	7.178
6.580	6.936	7.042	7.148	7.180	7.144	7.132	7.107	7.133
6.560	6.916	7.010	7.085	7.117	7.139	7.138	7.099	7.152
6.580	6.874	6.927	6.980	6.990	7.013	7.036	7.046	7.082
6.490	6.781	6.865	6.994	7.003	7.036	7.047	7.070	7.106
6.510	6.792	6.907	7.078	7.098	7.120	7.118	7.104	7.128
6.480	6.771	6.897	7.057	7.055	7.077	7.076	7.037	7.034
6.440	6.730	6.835	6.941	6.951	6.950	6.949	6.961	6.956
6.460	6.843	6.864	7.015	7.035	7.057	7.067	7.103	7.070
6.420	6.740	6.855	7.016	7.036	7.092	7.102	7.149	7.100
6.420	6.761	6.855	7.016	7.024	7.035	7.034	7.032	7.073
6.370	6.647	6.762	6.880	6.933	6.943	6.977	7.012	7.049
6.410	6.709	6.803	6.975	7.039	7.083	7.164	7.208	7.258
6.390	6.668	6.773	6.987	7.050	7.105	7.163	7.207	7.283
6.330	6.616	6.763	6.944	6.986	7.019	7.088	7.083	7.189
6.330	6.637	6.773	6.987	7.006	7.016	7.086	7.082	7.175
6.350	6.637	6.773	6.987	6.995	7.016	7.086	7.082	7.161
6.340	6.637	6.794	7.019	7.026	7.036	7.118	7.101	7.208
6.350	6.647	6.847	7.114	7.121	7.153	7.175	7.222	7.313
6.360	6.688	6.888	7.123	7.153	7.174	7.196	7.205	7.328
6.390	6.750	6.939	7.272	7.289	7.310	7.319	7.316	7.412
6.470	6.802	6.981	7.313	7.320	7.329	7.339	7.311	7.395
6.500	6.864	7.011	7.344	7.362	7.370	7.369	7.366	7.464
6.510	6.885	6.979	7.269	7.366	7.385	7.382	7.379	7.545
6.540	6.936	7.010	7.322	7.430	7.495	7.503	7.536	7.638
6.530	6.916	6.989	7.344	7.440	7.506	7.526	7.558	7.675
6.600	7.029	7.093	7.437	7.545	7.610	7.618	7.651	7.768
6.710	7.123	7.175	7.466	7.586	7.663	7.683	7.715	7.818
6.670	7.102	7.165	7.456	7.575	7.641	7.649	7.682	7.785
6.810	7.091	7.197	7.390	7.477	7.532	7.505	7.565	7.669
6.680	7.154	7.227	7.421	7.519	7.562	7.523	7.584	7.676
6.850	7.288	7.373	7.577	7.653	7.673	7.646	7.696	7.773
6.800	7.247	7.331	7.525	7.578	7.622	7.583	7.658	7.735
6.930	7.267	7.405	7.587	7.607	7.651	7.625	7.662	7.726
6.760	7.174	7.417	7.599	7.629	7.673	7.732	7.816	7.795
6.580	7.050	7.409	7.578	7.654	7.697	7.670	7.808	7.811
6.560	7.112	7.355	7.525	7.590	7.622	7.644	7.767	7.798
6.570	7.071	7.324	7.462	7.527	7.571	7.592	7.690	7.737
6.500	7.029	7.346	7.440	7.516	7.572	7.593	7.678	7.726
6.480	7.050	7.377	7.493	7.602	7.634	7.655	7.753	7.799
6.390	6.978	7.294	7.356	7.477	7.532	7.565	7.636	7.712
6.360	6.967	7.273	7.335	7.434	7.466	7.500	7.572	7.636
6.360	6.957	7.294	7.324	7.423	7.455	7.501	7.560	7.637
6.320	6.998	7.314	7.387	7.486	7.507	7.541	7.600	7.679
6.100	6.978	7.294	7.345	7.433	7.430	7.465	7.525	7.590
6.190	6.895	7.242	7.283	7.359	7.392	7.414	7.499	7.564
6.360	6.885	7.158	7.188	7.276	7.332	7.366	7.462	7.526
6.360	6.905	7.126	7.157	7.223	7.279	7.301	7.398	7.476
6.440	6.936	7.126	7.146	7.223	7.267	7.289	7.399	7.463
6.350	6.905	7.137	7.189	7.243	7.299	7.321	7.406	7.469
6.370	6.905	7.137	7.210	7.264	7.309	7.331	7.391	7.454
6.380	6.916	7.158	7.210	7.264	7.309	7.331	7.403	7.451
6.320	6.895	7.137	7.156	7.211	7.244	7.267	7.340	7.389
6.290	6.874	7.074	7.137	7.203	7.270	7.292	7.401	7.448
6.260	6.823	7.012	7.053	7.075	7.074	7.097	7.183	7.245
6.340	6.895	7.032	7.106	7.116	7.138	7.161	7.234	7.297
6.320	6.854	6.969	7.033	7.032	7.054	7.065	7.151	7.213
6.300	6.864	6.980	7.075	7.074	7.085	7.096	7.182	7.244
6.260	6.802	6.981	7.087	7.063	7.085	7.096	7.182	7.245
6.260	6.812	7.023	7.161	7.158	7.180	7.191	7.290	7.337
6.290	6.792	7.002	7.162	7.159	7.169	7.180	7.279	7.326
6.320	6.823	7.033	7.268	7.354	7.362	7.384	7.418	7.456
6.290	6.833	7.001	7.204	7.279	7.265	7.287	7.335	7.373
6.270	6.843	7.001	7.215	7.268	7.253	7.288	7.323	7.361
6.370	6.833	6.991	7.183	7.258	7.279	7.300	7.322	7.375
6.390	6.823	6.959	7.055	7.176	7.184	7.218	7.240	7.293
6.420	6.843	6.948	7.066	7.164	7.185	7.207	7.228	7.295
6.450	6.823	6.907	6.970	7.081	7.090	7.124	7.158	7.238
6.450	6.833	6.906	6.970	7.081	7.090	7.124	7.158	7.238
6.520	6.802	6.886	6.961	7.071	7.103	7.124	7.133	7.243
6.560	6.823	6.928	7.024	7.122	7.154	7.176	7.198	7.306
6.600	6.833	6.875	6.982	7.092	7.112	7.134	7.143	7.266
6.630	6.864	6.906	7.013	7.123	7.155	7.177	7.185	7.309
6.700	6.854	6.927	7.023	7.144	7.165	7.186	7.195	7.246
6.750	6.905	6.958	7.054	7.175	7.207	7.241	7.274	7.282
6.750	6.905	6.916	7.002	7.112	7.144	7.166	7.187	7.196
6.730	6.916	7.000	7.117	7.227	7.259	7.293	7.301	7.282
6.710	6.916	6.989	7.161	7.259	7.314	7.359	7.366	7.348
6.730	6.905	6.979	7.140	7.249	7.304	7.349	7.356	7.338
6.760	6.947	6.989	7.171	7.258	7.325	7.370	7.402	7.395
6.750	6.916	6.884	7.024	7.100	7.156	7.201	7.234	7.242
6.660	6.833	6.917	7.045	7.110	7.166	7.211	7.244	7.253
6.700	6.864	6.927	7.077	7.153	7.208	7.254	7.286	7.295
6.730	6.864	6.906	7.067	7.132	7.199	7.256	7.275	7.284
6.720	6.864	6.938	7.066	7.142	7.198	7.243	7.263	7.300
6.750	6.874	6.906	7.024	7.100	7.133	7.179	7.212	7.235
6.730	6.874	6.927	7.023	7.100	7.144	7.190	7.223	7.274
6.760	6.936	6.947	7.033	7.098	7.143	7.189	7.222	7.259
6.730	6.936	6.947	6.979	7.068	7.089	7.147	7.181	7.232
6.730	6.895	6.926	6.980	7.046	7.091	7.148	7.169	7.247
6.710	6.874	6.927	6.969	7.024	7.081	7.127	7.135	7.214
6.650	6.792	6.802	6.823	6.890	6.946	7.004	7.124	7.154
6.670	6.802	6.812	6.877	6.943	6.999	7.056	7.177	7.206
6.660	6.802	6.812	6.855	6.899	6.956	7.013	7.134	7.178
6.650	6.802	6.865	6.875	6.919	6.964	7.023	7.119	7.178
6.610	6.750	6.782	6.857	6.867	6.912	6.982	7.078	7.081
6.600	6.740	6.792	6.889	6.943	6.987	7.045	7.153	7.115
6.570	6.730	6.761	6.868	6.911	6.967	7.037	7.107	7.153
6.540	6.688	6.741	6.869	6.934	6.967	7.036	7.094	7.155
6.540	6.688	6.741	6.901	6.977	7.009	7.079	7.149	7.182
6.530	6.668	6.720	6.891	6.956	7.000	7.057	7.115	7.148
6.600	6.719	6.772	6.922	6.964	7.008	7.054	7.075	7.126
6.600	6.740	6.782	6.943	6.963	7.007	7.053	7.087	7.122
6.620	6.761	6.824	6.920	6.963	6.996	7.030	7.077	7.100
6.630	6.771	6.771	6.878	6.899	6.921	6.968	7.002	7.053
6.630	6.761	6.771	6.846	6.878	6.923	6.958	7.004	7.056
6.630	6.750	6.771	6.846	6.879	6.923	6.958	7.004	7.056
6.680	6.802	6.791	6.888	6.942	6.998	7.032	7.078	7.130
6.610	6.761	6.824	6.920	6.974	7.018	7.064	7.110	7.161
6.620	6.740	6.803	6.888	6.954	6.998	7.044	7.115	7.153
6.600	6.719	6.772	6.814	6.869	6.925	6.971	7.029	7.076
6.550	6.678	6.699	6.720	6.786	6.854	6.899	6.957	7.043
6.550	6.678	6.699	6.731	6.786	6.842	6.900	6.970	7.043
6.540	6.668	6.710	6.731	6.797	6.853	6.910	6.968	7.054
6.530	6.699	6.772	6.804	6.870	6.937	6.983	7.078	7.111
6.500	6.678	6.783	6.825	6.891	6.947	7.004	7.062	7.110
6.460	6.647	6.762	6.794	6.860	6.927	6.984	7.054	7.102
6.470	6.626	6.773	6.815	6.903	6.958	7.028	7.097	7.132
6.440	6.616	6.773	6.815	6.892	6.948	7.029	7.098	7.145
6.450	6.595	6.700	6.775	6.840	6.896	6.977	7.034	7.161
6.450	6.595	6.700	6.775	6.840	6.896	6.977	7.034	7.118
6.490	6.626	6.689	6.764	6.818	6.897	6.990	7.134	7.243
6.490	6.616	6.658	6.722	6.799	6.866	6.983	7.151	7.287
6.480	6.616	6.679	6.743	6.797	6.876	6.981	7.099	7.237
6.480	6.626	6.700	6.774	6.817	6.920	7.012	7.156	7.294
6.480	6.595	6.669	6.679	6.745	6.836	6.928	7.059	7.210
6.480	6.616	6.668	6.754	6.808	6.910	6.990	7.159	7.309
6.430	6.595	6.658	6.722	6.765	6.856	6.949	7.117	7.255
6.460	6.606	6.648	6.679	6.723	6.814	6.907	7.075	7.227
6.470	6.637	6.626	6.669	6.724	6.803	6.896	7.077	7.241
6.490	6.606	6.658	6.658	6.746	6.802	6.895	7.076	7.243
6.410	6.544	6.596	6.617	6.705	6.784	6.865	7.058	7.224
6.500	6.606	6.585	6.596	6.673	6.740	6.845	7.051	7.242
6.470	6.585	6.606	6.627	6.727	6.794	6.898	7.104	7.296
6.600	6.688	6.657	6.646	6.746	6.825	6.930	7.110	7.317
6.620	6.719	6.677	6.645	6.723	6.803	6.896	7.089	7.239
6.620	6.719	6.709	6.623	6.702	6.793	6.945	7.024	7.191
6.620	6.730	6.709	6.655	6.700	6.768	6.874	7.043	7.208
6.620	6.730	6.688	6.602	6.692	6.737	6.830	6.999	7.166
6.620	6.719	6.646	6.604	6.671	6.739	6.832	7.013	7.178
6.590	6.626	6.595	6.520	6.587	6.667	6.760	6.966	7.157
6.610	6.647	6.594	6.563	6.630	6.709	6.790	6.984	7.161
6.660	6.740	6.624	6.572	6.639	6.719	6.800	6.981	7.159
6.640	6.688	6.594	6.520	6.576	6.656	6.737	6.918	7.095
6.710	6.699	6.594	6.520	6.576	6.644	6.726	6.919	7.082
6.760	6.802	6.665	6.570	6.605	6.685	6.767	6.948	7.128
6.760	6.771	6.645	6.560	6.606	6.663	6.757	6.888	7.082
6.780	6.802	6.644	6.528	6.552	6.609	6.715	6.834	7.081
6.800	6.812	6.686	6.548	6.572	6.641	6.735	6.867	7.113
6.830	6.843	6.738	6.632	6.656	6.736	6.818	6.938	7.199
6.810	6.833	6.728	6.643	6.666	6.735	6.841	6.948	7.182
6.780	6.854	6.749	6.664	6.698	6.767	6.873	6.979	7.213
6.800	6.843	6.801	6.737	6.738	6.807	6.901	7.021	7.297
6.820	6.864	6.790	6.673	6.719	6.776	6.894	7.038	7.229
6.790	6.833	6.738	6.621	6.678	6.735	6.853	7.009	7.185
6.810	6.802	6.697	6.580	6.637	6.717	6.822	6.966	7.170
6.810	6.823	6.739	6.664	6.710	6.790	6.907	7.050	7.241
6.850	6.812	6.760	6.696	6.741	6.832	6.938	7.094	7.272
6.870	6.823	6.802	6.727	6.783	6.863	6.968	7.125	7.317
6.830	6.792	6.781	6.695	6.763	6.831	6.937	7.080	7.286
6.810	6.833	6.770	6.717	6.751	6.831	6.936	6.980	7.189
6.740	6.750	6.708	6.601	6.658	6.727	6.844	6.875	7.098
6.780	6.802	6.739	6.643	6.633	6.703	6.821	6.852	7.089
6.790	6.833	6.759	6.685	6.675	6.733	6.827	6.860	7.084
6.780	6.823	6.739	6.653	6.633	6.691	6.785	6.806	7.017
6.740	6.781	6.697	6.601	6.570	6.628	6.722	6.743	6.967
6.740	6.771	6.676	6.624	6.591	6.661	6.755	6.775	6.999
6.750	6.781	6.676	6.624	6.591	6.638	6.732	6.753	6.978
6.740	6.781	6.687	6.613	6.569	6.616	6.723	6.731	6.956
6.780	6.823	6.686	6.601	6.603	6.661	6.755	6.788	6.893
6.790	6.823	6.676	6.580	6.571	6.629	6.723	6.768	6.888
6.790	6.843	6.749	6.674	6.676	6.722	6.816	6.849	6.928
6.750	6.833	6.759	6.674	6.687	6.710	6.745	6.855	6.983
6.660	6.771	6.666	6.570	6.583	6.606	6.642	6.726	6.895
6.580	6.637	6.595	6.456	6.535	6.523	6.570	6.655	6.850
6.610	6.626	6.553	6.543	6.455	6.525	6.560	6.644	6.852
6.650	6.657	6.584	6.509	6.533	6.556	6.603	6.699	6.881
6.600	6.657	6.615	6.487	6.544	6.578	6.625	6.758	6.939
6.520	6.575	6.417	6.355	6.400	6.434	6.492	6.600	6.792
6.520	6.544	6.418	6.344	6.345	6.357	6.416	6.525	6.700
6.500	6.523	6.408	6.334	6.324	6.336	6.395	6.491	6.654
6.480	6.533	6.418	6.355	6.334	6.346	6.382	6.503	6.723
6.510	6.585	6.501	6.459	6.394	6.452	6.487	6.596	6.816
6.450	6.513	6.429	6.387	6.354	6.401	6.459	6.555	6.776
6.440	6.471	6.388	6.303	6.249	6.296	6.355	6.450	6.684
6.400	6.420	6.284	6.242	6.188	6.223	6.270	6.379	6.624
6.410	6.430	6.284	6.221	6.178	6.202	6.261	6.369	6.614
6.330	6.358	6.211	6.170	6.127	6.151	6.221	6.353	6.611
6.320	6.358	6.201	6.149	6.161	6.184	6.242	6.386	6.630
6.160	6.234	6.077	5.962	6.029	6.051	6.097	6.253	6.469
5.840	6.090	5.954	5.902	6.012	6.022	6.057	6.224	6.451
5.730	5.936	5.842	5.810	5.920	5.953	5.998	6.189	6.414
5.740	5.925	5.852	5.821	5.931	5.952	5.997	6.188	6.413
6.230	6.090	5.944	5.924	5.990	6.012	6.069	6.212	6.439
6.380	6.224	6.036	5.931	6.031	6.053	6.099	6.242	6.456
6.410	6.193	6.005	5.889	5.989	6.023	6.080	6.223	6.450
6.390	6.183	5.995	5.900	6.000	6.033	6.091	6.221	6.463
6.440	6.152	5.818	5.682	5.772	5.794	5.851	5.994	6.259
5.960	5.822	5.739	5.761	5.936	5.978	6.081	6.306	6.582
5.670	5.596	5.461	5.578	5.719	5.784	5.886	6.159	6.444
5.520	5.463	5.265	5.351	5.524	5.600	5.713	6.008	6.304
5.680	5.576	5.305	5.370	5.544	5.632	5.756	6.051	6.334
5.670	5.596	5.450	5.451	5.582	5.670	5.795	6.054	6.340
5.720	5.637	5.554	5.544	5.664	5.741	5.866	6.126	6.413
5.710	5.637	5.439	5.494	5.613	5.701	5.838	6.122	6.324
5.730	5.720	5.563	5.660	5.768	5.868	5.993	6.278	6.535
5.720	5.709	5.563	5.660	5.757	5.857	5.994	6.278	6.522
5.760	5.730	5.563	5.649	5.747	5.846	5.972	6.244	6.516
5.750	5.730	5.511	5.608	5.695	5.772	5.897	6.170	6.397
5.660	5.586	5.399	5.506	5.592	5.658	5.783	6.104	6.342
5.630	5.565	5.399	5.527	5.613	5.701	5.850	6.157	6.410
5.690	5.637	5.460	5.546	5.666	5.765	5.913	6.233	6.486
5.730	5.709	5.522	5.629	5.748	5.848	6.008	6.292	6.532
5.720	5.689	5.522	5.629	5.738	5.837	5.997	6.305	6.532
5.700	5.637	5.471	5.535	5.699	5.775	5.923	6.231	6.470
5.600	5.576	5.430	5.537	5.700	5.798	5.864	6.260	6.497
5.570	5.555	5.409	5.527	5.700	5.821	5.899	6.294	6.544
5.470	5.422	5.245	5.447	5.554	5.731	5.832	6.188	6.358
5.500	5.360	5.214	5.374	5.547	5.600	5.747	6.054	6.239
5.550	5.391	5.235	5.384	5.535	5.600	5.736	6.043	6.227
5.610	5.463	5.338	5.466	5.639	5.692	5.828	6.112	6.285
5.640	5.524	5.368	5.496	5.648	5.713	5.861	6.132	6.306
5.570	5.483	5.369	5.486	5.627	5.714	5.862	6.145	6.278
5.560	5.483	5.369	5.518	5.658	5.768	5.904	6.138	6.273
5.550	5.463	5.338	5.487	5.605	5.715	5.863	6.121	6.091
5.550	5.452	5.307	5.435	5.564	5.663	5.822	6.092	6.196
5.570	5.504	5.358	5.486	5.605	5.715	5.863	6.133	6.223
5.560	5.504	5.400	5.527	5.646	5.711	5.895	6.104	6.197
5.590	5.555	5.482	5.674	5.781	5.857	6.029	6.203	6.283
5.590	5.545	5.493	5.620	5.706	5.817	6.000	6.185	6.266
5.490	5.452	5.411	5.506	5.636	5.724	5.907	6.128	6.220
5.480	5.452	5.390	5.496	5.626	5.713	5.908	6.117	6.209
5.230	5.463	5.400	5.496	5.626	5.736	5.919	6.115	6.222
5.490	5.422	5.328	5.434	5.597	5.706	5.900	6.121	6.224
5.490	5.370	5.318	5.297	5.526	5.680	5.885	6.140	6.255
5.360	5.206	5.185	5.228	5.477	5.619	5.835	6.078	6.193
5.310	5.155	5.092	5.135	5.406	5.548	5.763	6.005	6.133
5.340	5.196	5.196	5.164	5.381	5.502	5.718	5.948	6.169
5.410	5.257	5.091	5.113	5.352	5.461	5.653	5.884	6.119
5.430	5.268	5.112	5.155	5.372	5.469	5.674	5.905	6.113
5.390	5.237	5.102	5.187	5.317	5.538	5.661	5.941	6.172
5.360	5.196	5.102	5.166	5.296	5.551	5.662	5.929	6.174
5.260	5.175	5.092	5.167	5.350	5.527	5.661	5.904	6.137
5.170	5.114	5.010	5.084	5.268	5.444	5.578	5.809	6.043
5.190	5.114	5.020	5.095	5.278	5.454	5.600	5.819	6.039
5.160	5.073	4.969	5.170	5.342	5.507	5.641	5.872	6.042
5.090	5.032	4.949	5.097	5.258	5.445	5.602	5.808	6.006
5.110	5.042	4.938	5.139	5.300	5.487	5.633	5.851	6.048
4.980	4.899	4.795	4.953	5.125	5.323	5.491	5.732	5.899
5.000	4.899	4.733	4.923	5.106	5.292	5.471	5.772	5.925
5.000	4.847	4.713	4.945	5.084	5.281	5.449	5.751	5.903
5.000	4.858	4.754	4.965	5.115	5.301	5.469	5.759	5.913
4.970	4.786	4.703	4.893	5.032	5.229	5.397	5.710	5.875
4.800	4.714	4.683	4.894	5.032	5.230	5.409	5.722	5.901
4.710	4.745	4.610	4.832	4.992	5.223	5.390	5.678	5.857
4.800	4.776	4.724	4.945	5.073	5.271	5.438	5.716	5.921
4.710	4.725	4.704	4.946	5.084	5.293	5.472	5.761	5.980
4.780	4.714	4.818	5.091	5.240	5.460	5.640	5.905	6.126
4.750	4.581	4.695	4.979	5.149	5.380	5.558	5.847	6.052
4.790	4.632	4.684	4.989	5.203	5.366	5.557	5.858	6.104
4.730	4.632	4.653	4.895	5.098	5.284	5.451	5.764	6.023
4.710	4.643	4.653	4.948	5.151	5.336	5.527	5.852	6.110
4.590	4.581	4.561	4.855	5.058	5.254	5.444	5.793	6.062
4.560	4.561	4.540	4.845	5.048	5.267	5.456	5.792	6.062
4.550	4.581	4.561	4.908	5.143	5.328	5.518	5.867	6.137
4.360	4.418	4.428	4.796	5.030	5.226	5.415	5.739	6.034
4.390	4.448	4.469	4.816	5.061	5.246	5.447	5.783	6.092
4.370	4.500	4.572	4.940	5.174	5.404	5.594	5.943	6.237
4.520	4.602	4.664	4.905	5.163	5.292	5.483	5.893	6.174
4.430	4.581	4.674	4.979	5.225	5.355	5.545	5.944	6.198
4.430	4.581	4.674	4.969	5.215	5.355	5.546	5.945	6.199
4.560	4.663	4.787	5.061	5.307	5.437	5.628	6.028	6.283
4.530	4.632	4.726	5.052	5.287	5.427	5.619	5.994	6.263
4.330	4.418	4.500	4.878	5.145	5.307	5.509	5.919	6.198
4.320	4.571	4.581	4.960	5.195	5.380	5.593	6.053	6.356
4.150	4.428	4.490	4.889	5.167	5.351	5.576	6.034	6.350
4.100	4.387	4.387	4.786	5.031	5.227	5.451	5.920	6.248
4.210	4.377	4.387	4.797	5.053	5.237	5.484	6.076	6.348
4.270	4.479	4.469	4.868	5.135	5.320	5.556	6.137	6.381
4.230	4.418	4.418	4.754	5.075	5.259	5.483	6.075	6.306
4.260	4.469	4.593	4.897	5.219	5.403	5.640	6.222	6.454
4.300	4.561	4.644	4.927	5.239	5.434	5.671	6.192	6.414
4.300	4.489	4.603	4.855	5.166	5.373	5.621	6.116	6.351
4.290	4.510	4.613	4.907	5.186	5.393	5.641	6.112	6.335
4.230	4.459	4.562	4.866	5.112	5.308	5.544	6.015	6.238
4.130	4.346	4.460	4.785	5.052	5.270	5.517	6.011	6.247
4.120	4.285	4.419	4.744	5.011	5.229	5.487	5.993	6.255
4.110	4.275	4.399	4.776	5.043	5.227	5.509	6.051	6.326
4.120	4.234	4.368	4.735	5.012	5.319	5.438	5.969	6.218
4.130	4.265	4.440	4.849	5.148	5.467	5.597	6.117	6.367
4.140	4.387	4.521	5.015	5.293	5.601	5.719	6.242	6.507
4.090	4.346	4.460	4.964	5.285	5.604	5.733	6.206	6.472
4.020	4.234	4.389	4.914	5.256	5.630	5.759	6.280	6.558
3.940	4.183	4.338	4.883	5.203	5.567	5.719	6.140	6.406
4.000	4.336	4.346	4.925	5.212	5.632	5.784	6.131	6.400
4.030	4.316	4.378	4.966	5.275	5.662	5.814	6.236	6.436
4.070	4.346	4.408	4.923	5.233	5.630	5.771	6.193	6.366
4.090	4.346	4.398	4.913	5.233	5.642	5.853	6.224	6.410
4.080	4.295	4.336	4.830	5.194	5.591	5.824	6.207	6.407
4.130	4.326	4.419	4.923	5.309	5.672	5.907	6.302	6.502
4.080	4.295	4.409	4.923	5.320	5.649	5.896	6.316	6.515
4.070	4.295	4.409	4.934	5.352	5.670	5.905	6.301	6.501
4.120	4.275	4.399	4.966	5.341	5.670	5.917	6.313	6.513
4.100	4.244	4.368	4.946	5.320	5.661	5.919	6.302	6.516
4.030	4.162	4.266	4.790	5.208	5.514	5.783	6.153	6.379
4.080	4.193	4.317	4.820	5.249	5.556	5.825	6.158	6.359
4.100	4.213	4.306	4.768	5.219	5.525	5.782	6.164	6.310
4.050	4.203	4.245	4.685	5.157	5.451	5.697	6.091	6.236
3.910	4.081	4.235	4.686	5.158	5.452	5.697	6.079	6.225
3.920	4.081	4.235	4.696	5.179	5.496	5.753	6.159	6.303
3.900	4.071	4.205	4.697	5.191	5.507	5.764	6.195	6.324
3.850	4.060	4.174	4.624	5.096	5.423	5.680	6.098	6.254
3.800	4.009	4.123	4.583	5.055	5.371	5.627	6.057	6.239
3.780	3.999	4.123	4.573	5.044	5.360	5.593	6.073	6.252
3.760	3.938	4.041	4.512	4.961	5.277	5.521	6.000	6.220
3.730	3.907	4.021	4.491	4.930	5.245	5.501	6.004	6.236
3.730	3.918	4.062	4.543	4.981	5.253	5.521	6.011	6.271
3.680	3.856	4.011	4.544	5.015	5.353	5.574	6.040	6.301
3.770	3.938	4.072	4.532	4.982	5.331	5.552	6.068	6.328
3.790	3.938	4.062	4.543	4.960	5.309	5.531	6.046	6.292
3.730	3.887	4.031	4.491	4.908	5.246	5.479	5.994	6.253
3.720	3.918	4.041	4.522	4.917	5.256	5.500	6.015	6.261
3.730	3.948	4.123	4.605	5.022	5.361	5.605	6.097	6.357
3.810	4.040	4.215	4.708	5.103	5.432	5.560	6.067	6.366
3.890	4.091	4.297	4.843	5.206	5.535	5.617	6.163	6.448
3.930	4.111	4.359	4.852	5.259	5.599	5.670	6.253	6.550
3.910	4.060	4.298	4.769	5.143	5.472	5.555	6.148	6.445
3.920	4.081	4.349	4.842	5.216	5.545	5.628	6.210	6.508
3.920	4.081	4.339	4.842	5.216	5.545	5.616	6.223	6.508
3.880	4.060	4.329	4.842	5.206	5.546	5.628	6.235	6.534
3.920	4.060	4.277	4.727	5.145	5.485	5.567	6.173	6.482
3.930	4.101	4.287	4.727	5.123	5.451	5.557	6.138	6.448
3.900	4.050	4.225	4.623	5.062	5.402	5.507	6.074	6.398
3.860	4.030	4.236	4.676	5.093	5.433	5.538	6.118	6.429
3.880	4.040	4.226	4.655	5.061	5.378	5.496	6.063	6.375
3.910	4.081	4.266	4.696	5.092	5.398	5.504	6.047	6.361
3.910	4.071	4.267	4.706	5.091	5.397	5.504	6.047	6.360
3.890	4.060	4.256	4.707	5.081	5.387	5.505	6.122	6.331
3.780	3.948	4.103	4.521	4.949	5.254	5.371	5.998	6.233
3.810	3.989	4.123	4.531	4.948	5.276	5.393	6.070	6.279
3.760	3.938	4.103	4.521	4.949	5.276	5.416	6.093	6.302
3.780	3.928	4.082	4.511	4.928	5.255	5.384	6.035	6.258
3.790	3.958	4.082	4.511	4.928	5.255	5.384	6.048	6.270
3.790	3.928	4.134	4.552	4.980	5.319	5.459	6.124	6.318
3.790	3.907	4.083	4.448	4.887	5.225	5.376	6.065	6.271
3.760	3.867	4.052	4.386	4.868	5.217	5.379	6.005	6.212
3.760	3.867	4.052	4.386	4.878	5.216	5.379	6.005	6.212
3.760	3.816	4.022	4.334	4.827	5.153	5.327	5.989	6.210
3.760	3.887	4.083	4.385	4.878	5.205	5.368	6.018	6.225
3.780	3.907	4.134	4.416	4.963	5.278	5.464	6.104	6.311
3.760	3.877	4.134	4.405	4.952	5.290	5.476	6.103	6.310
3.740	3.856	4.093	4.375	4.933	5.270	5.468	6.106	6.314
3.790	3.897	4.103	4.385	4.943	5.236	5.445	6.121	6.340
3.710	3.816	3.980	4.230	4.809	5.101	5.310	5.983	6.203
3.690	3.816	4.001	4.251	4.862	5.166	5.363	6.049	6.252
3.670	3.795	3.960	4.199	4.800	5.092	5.300	5.998	6.187
3.670	3.775	3.940	4.189	4.768	5.082	5.302	6.000	6.201
3.680	3.816	3.970	4.241	4.787	5.102	5.311	6.009	6.199
3.670	3.826	4.022	4.303	4.871	5.163	5.361	6.048	6.184
3.640	3.765	3.960	4.231	4.820	5.101	5.299	5.972	6.122
3.600	3.724	3.899	4.149	4.727	4.996	5.193	5.865	6.002
3.680	3.806	3.991	4.251	4.830	5.077	5.275	5.949	6.086
3.610	3.775	3.919	4.190	4.768	5.026	5.212	5.897	6.047
3.620	3.755	3.971	4.262	4.830	5.100	5.274	5.948	6.085
3.630	3.734	3.899	4.222	4.789	5.059	5.256	5.929	6.079
3.680	3.795	3.929	4.305	4.840	5.110	5.296	5.982	6.133
3.640	3.734	3.899	4.222	4.822	5.102	5.288	5.899	6.089
3.620	3.704	3.848	4.171	4.748	5.007	5.169	5.804	5.993
3.610	3.683	3.807	4.140	4.696	4.954	5.117	5.739	5.929
3.580	3.632	3.766	4.099	4.709	4.989	5.151	5.785	5.975
3.580	3.643	3.776	4.109	4.697	4.978	5.151	5.810	5.999
3.570	3.653	3.776	4.120	4.675	4.956	5.130	5.800	5.989
3.660	3.775	3.981	4.293	4.872	5.153	5.316	5.965	6.142
3.630	3.755	3.971	4.273	4.862	5.143	5.306	5.955	6.159
3.570	3.693	3.858	4.160	4.738	5.029	5.215	5.862	6.064
3.490	3.582	3.725	4.017	4.615	4.917	5.102	5.771	5.972
3.480	3.571	3.736	4.058	4.603	4.927	5.135	5.817	6.031
3.470	3.582	3.653	3.945	4.370	4.684	4.892	5.779	5.986
3.470	3.582	3.653	3.945	4.607	4.687	4.884	5.773	5.981
3.040	3.165	3.216	3.527	4.153	4.519	4.782	5.566	5.837
3.000	3.073	3.196	3.496	4.058	4.435	4.675	5.457	5.808
3.010	3.083	3.247	3.589	4.194	4.539	4.767	5.552	5.877
2.820	2.951	3.248	3.610	4.215	4.538	4.790	5.635	6.013
2.490	2.759	3.076	3.479	4.179	4.522	4.762	5.755	6.156
2.500	2.799	3.157	3.529	4.209	4.497	4.737	5.705	6.213
2.640	2.870	3.116	3.540	4.187	4.509	4.737	5.681	6.174
2.790	2.941	3.125	3.612	4.249	4.571	4.800	5.732	6.227
2.800	2.921	3.115	3.529	4.198	4.608	4.836	5.695	6.204
2.780	2.891	3.075	3.489	4.060	4.482	4.709	5.577	6.073
2.760	2.860	3.044	3.416	4.020	4.485	4.712	5.556	5.924
2.780	2.901	3.177	3.487	4.070	4.558	4.820	5.616	5.960
2.740	2.891	3.054	3.426	3.955	4.442	4.784	5.566	5.869
2.660	2.789	2.973	3.355	3.841	4.305	4.681	5.497	5.813
2.620	2.749	2.943	3.377	3.841	4.305	4.681	5.485	5.774
2.590	2.728	2.953	3.366	3.820	4.306	4.693	5.485	5.828
2.570	2.698	2.933	3.356	3.799	4.274	4.684	5.500	5.829
2.590	2.718	2.922	3.367	3.820	4.306	4.705	5.497	5.853
2.640	2.749	2.932	3.398	3.872	4.392	4.802	5.583	5.966
2.630	2.749	2.973	3.439	3.903	4.401	4.811	5.580	5.925
2.690	2.799	3.045	3.510	3.975	4.462	4.873	5.644	5.934
2.700	2.820	3.004	3.480	3.987	4.496	4.861	5.644	5.951
2.710	2.820	2.963	3.439	3.935	4.411	4.741	5.522	5.858
2.680	2.759	2.932	3.429	3.904	4.368	4.676	5.468	5.790
2.660	2.769	2.943	3.449	3.924	4.400	4.673	5.466	5.802
2.650	2.749	2.892	3.440	3.936	4.401	4.674	5.479	5.815
2.610	2.708	2.892	3.430	3.936	4.412	4.685	5.502	5.824
2.640	2.728	2.892	3.450	3.968	4.433	4.671	5.477	5.800
2.620	2.708	2.882	3.440	3.957	4.422	4.684	5.489	5.812
2.570	2.678	2.851	3.378	3.895	4.360	4.632	5.449	5.771
2.600	2.678	2.780	3.421	3.831	4.340	4.589	5.405	5.728
2.610	2.668	2.780	3.411	3.810	4.318	4.591	5.382	5.718
2.570	2.627	2.760	3.359	3.769	4.310	4.560	5.326	5.662
2.480	2.556	2.648	3.247	3.667	4.229	4.466	5.243	5.605
2.490	2.526	2.628	3.237	3.582	4.122	4.371	5.145	5.401
2.540	2.566	2.719	3.298	3.654	4.183	4.399	5.126	5.437
2.510	2.566	2.689	3.288	3.687	4.216	4.431	5.183	5.519
2.470	2.556	2.658	3.247	3.624	4.164	4.390	5.117	5.440
2.240	2.323	2.425	3.085	3.440	4.088	4.370	5.107	5.414
2.110	2.172	2.355	3.035	3.379	3.993	4.309	5.032	5.339
2.170	2.232	2.487	3.147	3.491	4.107	4.435	5.172	5.453
2.040	2.121	2.335	3.004	3.412	4.137	4.474	5.187	5.454
2.030	2.121	2.325	2.983	3.327	4.051	4.355	5.103	5.464
2.050	2.162	2.304	3.098	3.484	4.221	4.513	5.239	5.534
2.060	2.222	2.762	3.288	3.676	4.394	4.676	5.393	5.677
2.090	2.293	2.854	3.557	3.924	4.656	4.916	5.650	5.908
2.110	2.344	2.935	3.566	3.965	4.742	5.025	5.748	5.978
2.090	2.253	2.385	3.450	3.868	4.655	4.948	5.656	5.965
2.050	2.222	2.517	3.406	3.868	4.643	4.925	5.683	5.990
2.050	2.242	2.599	3.520	3.982	4.770	5.040	5.837	6.142
2.040	2.232	2.599	3.530	3.982	4.758	5.029	5.764	6.084
2.060	2.263	2.691	3.602	4.021	4.810	5.092	5.766	6.102
2.090	2.283	2.680	3.643	4.106	4.884	5.144	5.843	6.139
2.070	2.253	2.558	3.458	3.973	4.738	4.997	5.682	6.016
2.040	2.212	2.548	3.500	3.994	4.759	5.041	5.689	6.037
1.910	2.081	2.355	3.263	3.767	4.541	4.834	5.490	5.863
2.000	2.121	2.416	3.314	3.840	4.603	4.816	5.486	5.873
2.010	2.141	2.365	3.253	3.746	4.508	4.732	5.401	5.801
1.960	2.141	2.375	3.284	3.745	4.507	4.754	5.423	5.797
2.000	2.182	2.559	3.531	3.993	4.770	5.029	5.665	6.013
1.900	2.151	2.610	3.562	4.099	4.888	5.147	5.759	6.095
1.820	2.061	2.498	3.564	4.155	4.978	5.271	5.908	6.255
1.830	2.020	2.356	3.399	4.043	4.853	5.145	5.818	6.178
1.820	2.000	2.315	3.358	3.991	4.811	5.104	5.801	6.186
1.850	2.020	2.366	3.389	4.000	4.821	5.102	5.774	6.148
1.870	2.061	2.417	3.450	4.083	4.894	5.164	5.850	6.210
1.860	2.081	2.478	3.543	4.209	5.055	5.395	5.983	6.384
2.010	2.172	2.518	3.532	4.122	5.036	5.387	5.974	6.388
1.900	2.061	2.478	3.522	4.048	5.051	5.390	5.976	6.339
1.910	2.071	2.478	3.481	4.007	4.986	5.313	5.788	6.247
2.290	2.475	2.904	3.535	4.052	5.021	5.338	5.814	6.275
2.250	2.404	2.945	3.576	4.136	5.118	5.435	5.862	6.199
2.240	2.394	2.915	3.577	4.105	5.086	5.391	5.905	6.269
2.250	2.384	2.925	3.576	4.105	5.086	5.402	5.891	6.269
2.280	2.435	2.986	3.659	4.198	5.170	5.475	5.965	6.329
2.200	2.333	2.823	3.443	4.056	5.014	5.318	5.819	6.219
2.180	2.333	2.803	3.454	4.013	5.060	5.376	5.976	6.335
2.190	2.313	2.701	3.320	3.900	4.934	5.272	5.883	6.267
2.190	2.313	2.711	3.351	3.899	4.944	5.260	5.870	6.241
2.200	2.354	2.854	3.505	4.054	5.091	5.418	6.006	6.378
2.130	2.242	2.762	3.423	3.961	4.996	5.323	5.910	6.269
2.130	2.232	2.732	3.413	3.962	4.997	5.324	5.935	6.295
2.090	2.182	2.640	3.290	3.848	4.881	5.208	5.818	6.278
2.100	2.151	2.589	3.270	3.850	4.883	5.221	5.830	6.304
2.070	2.111	2.518	3.188	3.821	4.842	5.156	5.778	6.248
2.100	2.111	2.528	3.126	3.747	4.778	5.069	5.690	6.174
2.040	2.000	2.376	2.921	3.605	4.633	4.935	5.566	6.061
1.960	1.939	2.417	2.973	3.582	4.644	5.004	5.796	6.042
2.000	1.980	2.448	2.993	3.592	4.642	4.991	5.783	6.017
1.860	1.919	2.397	2.942	3.583	4.622	4.982	5.762	6.008
1.960	2.050	2.549	3.126	3.694	4.668	5.029	5.872	6.106
1.950	2.040	2.590	3.167	3.650	4.623	4.973	5.803	6.064
1.950	2.050	2.529	3.116	3.662	4.636	4.974	5.816	6.063
2.060	2.111	2.600	3.177	3.724	4.687	5.025	5.857	6.118
2.030	2.121	2.671	3.248	3.807	4.783	5.121	5.954	6.216
2.020	2.121	2.671	3.259	3.806	4.771	5.121	5.904	6.209
2.090	2.202	2.865	3.370	3.951	4.884	5.223	6.022	6.314
2.070	2.202	2.814	3.329	3.910	4.842	5.193	5.978	6.271
2.030	2.131	2.671	3.124	3.692	4.621	4.983	5.801	6.120
2.080	2.192	2.783	3.288	3.868	4.766	5.141	5.924	6.244
2.050	2.202	2.783	3.319	3.921	4.809	5.171	5.856	6.155
2.010	2.162	2.722	3.227	3.828	4.725	5.088	5.796	6.108
2.030	2.162	2.681	3.155	3.777	4.662	5.036	5.730	6.042
2.050	2.121	2.702	3.175	3.776	4.662	5.035	5.730	6.056
2.020	2.111	2.702	3.155	3.787	4.684	5.058	5.666	6.098
1.990	2.081	2.661	3.124	3.757	4.687	5.095	5.665	6.070
1.980	2.071	2.641	3.083	3.704	4.645	5.041	5.599	6.000
2.080	2.182	2.691	3.134	3.702	4.710	5.106	5.665	6.051
2.130	2.212	2.722	3.195	3.764	4.695	5.115	5.735	6.122
2.140	2.253	2.772	3.257	3.869	4.767	5.176	5.786	6.144
2.240	2.344	2.751	3.215	3.710	4.740	5.137	5.758	6.102
2.220	2.323	2.752	3.195	3.614	4.632	5.040	5.685	6.017
2.220	2.323	2.660	3.102	3.618	4.646	5.042	5.687	5.991
2.290	2.394	2.741	3.132	3.669	4.688	5.084	5.704	6.048
2.250	2.374	2.843	3.235	3.740	4.715	5.112	5.733	6.082
2.280	2.384	2.802	3.214	3.720	4.694	5.103	5.686	6.078
2.280	2.394	2.823	3.214	3.698	4.672	5.058	5.654	6.045
2.290	2.425	2.884	3.254	3.739	4.703	5.100	5.684	6.076
2.300	2.495	2.945	3.336	3.789	4.776	5.197	5.819	6.171
2.260	2.354	2.710	3.205	3.604	4.644	5.028	5.661	6.025
2.130	2.253	2.721	3.258	3.902	4.722	5.119	5.729	6.101
2.080	2.242	2.742	3.309	3.964	4.763	5.161	5.771	6.130
2.130	2.303	2.793	3.371	4.026	4.825	5.224	5.860	6.054
2.130	2.303	2.793	3.381	3.983	4.827	5.225	5.861	6.054
2.230	2.384	2.874	3.473	4.076	4.932	5.319	5.969	6.123
2.140	2.333	2.915	3.566	4.170	5.027	5.415	6.053	6.196
2.130	2.364	2.986	3.690	4.294	5.154	5.530	6.133	6.276
2.160	2.384	2.956	3.670	4.263	5.122	5.510	6.049	6.260
2.200	2.354	2.946	3.660	4.242	5.112	5.488	6.040	6.264
2.180	2.374	2.874	3.546	4.149	5.040	5.428	5.991	6.227
2.230	2.425	3.007	3.679	4.283	5.211	5.599	6.151	6.374
2.210	2.445	2.986	3.638	4.242	5.146	5.510	6.049	6.260
2.280	2.526	3.067	3.720	4.313	5.196	5.561	6.039	6.292
2.270	2.516	3.047	3.689	4.304	5.197	5.550	6.041	6.294
2.220	2.546	3.149	3.802	4.418	5.313	5.666	6.145	6.400
2.210	2.556	3.180	3.780	4.396	5.269	5.622	6.076	6.345
2.230	2.556	3.241	3.852	4.469	5.342	5.684	6.127	6.397
2.220	2.587	3.231	3.852	4.480	5.353	5.683	6.114	6.384
2.200	2.516	3.139	3.750	4.365	5.237	5.579	6.008	6.278
2.180	2.506	3.098	3.709	4.356	5.251	5.592	6.021	6.290
2.160	2.526	3.149	3.812	4.417	5.324	5.654	6.083	6.354
2.160	2.516	3.139	3.792	4.386	5.292	5.634	6.088	6.343
2.180	2.556	3.159	3.812	4.417	5.324	5.677	6.119	6.403
2.110	2.445	3.006	3.742	4.303	5.253	5.594	6.047	6.345
2.110	2.414	2.966	3.690	4.391	5.263	5.604	6.070	6.367
2.080	2.404	2.976	3.669	4.360	5.220	5.561	6.014	6.312
2.060	2.354	2.905	3.619	4.308	5.145	5.474	6.014	6.311
2.160	2.465	3.057	3.762	4.464	5.303	5.632	6.174	6.485
2.010	2.333	2.884	3.577	4.277	5.125	5.466	6.005	6.315
1.980	2.293	2.752	3.831	4.304	5.153	5.494	6.059	6.369
1.980	2.273	2.731	3.800	4.273	5.110	5.451	6.016	6.339
2.000	2.283	2.660	3.759	4.232	5.057	5.410	5.986	6.308
2.020	2.293	2.660	3.769	4.232	5.034	5.375	6.002	6.324
1.940	2.212	2.599	3.718	4.202	4.993	5.333	5.947	6.281
1.990	2.212	2.640	3.770	4.276	5.067	5.420	6.059	6.393
2.020	2.222	2.579	3.750	4.255	5.058	5.410	6.049	6.397
2.050	2.263	2.609	3.781	4.297	5.100	5.453	6.080	6.414
2.060	2.263	2.619	3.718	4.299	5.101	5.454	6.093	6.414
2.060	2.242	2.579	3.729	4.277	5.069	5.433	6.009	6.388
2.030	2.202	2.589	3.614	4.173	4.985	5.373	5.973	6.321
2.030	2.202	2.497	3.584	4.121	4.944	5.354	5.954	6.302
2.030	2.182	2.467	3.522	4.070	4.892	5.302	5.900	6.263
2.040	2.202	2.477	3.584	4.143	4.989	5.399	5.986	6.350
2.030	2.192	2.436	3.554	4.101	4.969	5.367	5.941	6.304
1.980	2.141	2.365	3.472	4.029	4.873	5.295	5.893	6.256
1.960	2.141	2.365	3.482	4.061	4.906	5.327	5.925	6.259
1.970	2.111	2.314	3.420	3.956	4.788	5.197	5.832	6.164
1.990	2.121	2.325	3.430	3.977	4.742	5.151	5.873	6.217
1.960	2.101	2.304	3.379	3.925	4.678	5.122	5.855	6.198
1.800	1.990	2.407	3.451	4.332	4.897	5.144	5.794	6.127
1.950	2.121	2.528	3.542	4.252	4.963	5.117	5.768	6.106
1.990	2.151	2.559	3.573	4.218	4.817	5.065	5.703	6.109
2.010	2.172	2.661	3.655	4.300	4.934	5.194	5.833	6.212
1.980	2.202	2.722	3.737	4.373	4.995	5.244	5.884	6.251
2.000	2.212	2.701	3.727	4.373	4.973	5.222	5.875	6.254
1.990	2.182	2.661	3.655	4.279	4.889	5.161	5.788	6.168
1.990	2.222	2.762	3.768	4.393	4.982	5.243	5.871	6.251
1.990	2.212	2.701	3.664	4.332	4.909	5.181	5.808	6.202
1.990	2.212	2.660	3.613	4.269	4.857	5.129	5.755	6.162
1.960	2.172	2.620	3.551	4.218	4.805	5.077	5.702	6.108
1.970	2.182	2.681	3.602	4.269	4.835	5.107	5.733	6.153
1.970	2.182	2.661	3.602	4.259	4.835	5.096	5.722	6.142
1.980	2.182	2.681	3.602	4.258	4.824	5.096	5.722	6.143
2.000	2.172	2.681	3.623	4.247	4.835	5.084	5.698	6.133
2.020	2.202	2.609	3.541	4.175	4.773	5.022	5.622	6.070
2.040	2.202	2.599	3.509	4.133	4.742	5.002	5.602	6.050
2.020	2.182	2.650	3.561	4.152	4.751	5.092	5.680	6.130
2.030	2.131	2.589	3.499	4.101	4.699	5.028	5.628	6.091
2.080	2.212	2.681	3.539	4.131	4.696	4.910	5.571	6.029
2.100	2.273	2.731	3.528	4.162	4.694	5.013	5.699	6.157
2.080	2.253	2.670	3.466	4.068	4.611	4.952	5.587	6.044
2.130	2.293	2.752	3.569	4.172	4.726	5.045	5.694	6.139
2.140	2.283	2.742	3.549	4.151	4.705	5.023	5.660	6.094
2.120	2.263	2.670	3.477	4.100	4.643	4.995	5.594	6.041
2.120	2.253	2.681	3.477	4.100	4.643	4.995	5.594	6.027
2.100	2.222	2.609	3.415	4.038	4.569	4.921	5.520	5.951
2.090	2.202	2.538	3.323	3.934	4.453	4.817	5.401	5.845
2.120	2.232	2.619	3.363	3.954	4.462	4.883	5.505	5.910
2.120	2.232	2.589	3.311	3.923	4.442	4.863	5.484	5.902
2.070	2.151	2.477	3.220	3.820	4.360	4.746	5.281	5.712
2.110	2.212	2.599	3.311	3.902	4.432	4.841	5.352	5.785
2.110	2.202	2.579	3.301	3.881	4.411	4.820	5.331	5.763
2.240	2.313	2.721	3.330	3.942	4.462	4.871	5.383	5.816
2.240	2.323	2.670	3.268	3.880	4.443	4.853	5.352	5.810
2.200	2.273	2.589	3.187	3.798	4.360	4.769	5.207	5.665
2.200	2.283	2.639	3.259	3.870	4.467	4.876	5.326	5.785
2.190	2.273	2.599	3.238	3.839	4.447	4.890	5.352	5.810
2.220	2.293	2.537	3.229	3.787	4.438	4.870	5.355	5.876
2.240	2.293	2.507	3.177	3.735	4.397	4.828	5.313	5.861
2.270	2.303	2.588	3.238	3.797	4.448	4.891	5.389	5.937
2.210	2.253	2.527	3.240	3.723	4.373	4.817	5.338	5.872
2.220	2.283	2.639	3.259	3.806	4.469	4.913	5.423	5.997
2.240	2.293	2.629	3.196	3.829	4.447	4.914	5.387	5.856
2.250	2.273	2.568	3.114	3.747	4.364	4.842	5.314	5.822
2.250	2.263	2.415	3.002	3.612	4.240	4.658	5.203	5.721
2.300	2.323	2.496	3.063	3.706	4.323	4.742	5.288	5.794
2.270	2.293	2.425	2.981	3.613	4.229	4.625	5.169	5.725
2.280	2.283	2.466	3.022	3.686	4.314	4.721	5.267	5.825
2.310	2.344	2.507	3.094	3.748	4.376	4.796	5.329	5.889
2.300	2.364	2.506	3.094	3.747	4.376	4.796	5.317	5.862
2.300	2.354	2.435	2.991	3.655	4.282	4.701	5.234	5.804
2.297	2.320	2.400	2.904	3.554	4.199	4.626	5.169	5.703
2.197	2.197	2.349	2.840	3.484	4.160	4.553	5.111	5.648
2.203	2.166	2.286	2.744	3.397	4.070	4.470	5.095	5.689
2.190	2.202	2.413	2.804	3.472	4.156	4.546	5.172	5.789
2.135	2.127	2.292	2.683	3.307	3.987	4.384	5.032	5.662
2.160	2.144	2.336	2.667	3.348	4.027	4.412	5.085	5.728
2.197	2.187	2.468	2.848	3.550	4.259	4.606	5.303	5.917
2.183	2.174	2.480	2.867	3.570	4.284	4.633	5.291	5.925
2.146	2.096	2.352	2.652	3.351	4.074	4.434	5.125	5.768
2.214	2.143	2.374	2.629	3.273	4.013	4.383	5.098	5.810
2.179	2.095	2.307	2.521	3.135	3.888	4.257	4.990	5.727
2.189	2.071	2.235	2.406	3.008	3.782	4.149	4.882	5.642
2.197	2.117	2.344	2.565	3.210	3.982	4.308	5.035	5.769
2.101	2.027	2.225	2.466	3.075	3.775	4.193	4.969	5.713
2.117	2.055	2.312	2.569	3.172	3.860	4.277	5.023	5.789
2.085	2.075	2.268	2.541	3.115	3.769	4.132	4.857	5.592
2.150	2.127	2.287	2.575	3.154	3.774	4.138	4.851	5.567
2.071	2.026	2.177	2.471	3.082	3.665	4.021	4.733	5.425
2.103	2.083	2.366	2.695	3.285	3.866	4.163	4.857	5.464
2.048	2.088	2.326	2.674	3.285	3.835	4.154	4.829	5.476
2.055	2.109	2.407	2.752	3.404	3.977	4.293	4.983	5.636
2.073	2.132	2.356	2.697	3.349	3.949	4.278	4.965	5.595
2.050	2.090	2.264	2.555	3.209	3.800	4.136	4.821	5.461
2.058	2.108	2.307	2.579	3.237	3.829	4.167	4.871	5.518
2.018	2.079	2.328	2.709	3.288	3.918	4.320	4.972	5.623
2.024	2.072	2.264	2.661	3.208	3.841	4.250	4.877	5.496
2.094	2.135	2.330	2.715	3.235	3.862	4.282	4.913	5.469
2.065	2.158	2.426	2.803	3.316	3.949	4.321	4.956	5.418
2.079	2.129	2.324	2.740	3.252	3.890	4.264	4.886	5.337
2.107	2.128	2.334	2.702	3.193	3.824	4.209	4.833	5.264
2.111	2.140	2.363	2.698	3.198	3.818	4.106	4.808	5.278
2.101	2.141	2.359	2.717	3.187	3.808	4.091	4.809	5.271
2.031	2.048	2.187	2.514	2.960	3.553	3.866	4.591	5.086
2.030	2.048	2.251	2.539	2.982	3.509	3.811	4.556	5.086
1.993	2.001	2.182	2.466	2.917	3.395	3.745	4.503	5.028
2.034	2.064	2.246	2.545	3.012	3.518	3.861	4.621	5.140
2.042	2.086	2.313	2.619	3.085	3.586	3.919	4.662	5.177
2.025	2.068	2.274	2.586	3.039	3.564	3.894	4.657	5.130
2.042	2.083	2.325	2.651	3.129	3.649	3.975	4.729	5.203
2.052	2.072	2.296	2.571	3.051	3.560	3.875	4.633	5.097
2.069	2.100	2.307	2.556	3.031	3.529	3.840	4.596	5.057
2.086	2.103	2.330	2.591	3.058	3.547	3.857	4.586	5.055
2.069	2.089	2.246	2.466	2.923	3.407	3.745	4.460	4.957
2.081	2.101	2.294	2.481	2.974	3.461	3.784	4.517	5.006
2.028	2.037	2.200	2.375	2.853	3.360	3.681	4.423	4.916
2.031	2.072	2.227	2.388	2.863	3.357	3.686	4.452	4.933
2.040	2.061	2.192	2.364	2.819	3.284	3.603	4.353	4.835
2.049	2.058	2.218	2.362	2.784	3.282	3.446	4.342	4.790
2.060	2.078	2.237	2.440	2.880	3.390	3.550	4.465	4.900
2.054	2.063	2.231	2.409	2.873	3.412	3.575	4.478	4.902
2.023	2.033	2.115	2.245	2.677	3.229	3.445	4.373	4.798
1.970	1.984	2.017	2.150	2.577	3.127	3.347	4.311	4.755
2.014	2.021	2.096	2.250	2.725	3.284	3.519	4.457	4.884
1.971	1.968	2.023	2.164	2.628	3.186	3.441	4.373	4.812
1.976	1.974	2.057	2.187	2.697	3.253	3.463	4.204	4.843
1.991	1.992	2.073	2.222	2.682	3.228	3.427	4.156	4.834
1.971	1.993	2.032	2.160	2.622	3.163	3.348	4.100	4.776
2.001	2.019	2.089	2.222	2.689	3.220	3.406	4.165	4.804
1.940	1.957	2.003	2.108	2.579	3.073	3.314	4.087	4.740
1.992	2.021	2.090	2.209	2.661	3.182	3.410	4.217	4.862
1.980	2.041	2.180	2.297	2.787	3.325	3.568	4.345	5.004
1.983	2.056	2.177	2.277	2.760	3.324	3.569	4.370	5.021
2.046	2.139	2.310	2.461	2.961	3.553	3.799	4.566	5.218
2.071	2.132	2.320	2.472	2.996	3.621	3.858	4.618	5.270
2.127	2.200	2.449	2.627	3.187	3.824	4.065	4.748	5.414
2.080	2.139	2.259	2.525	3.074	3.695	3.937	4.577	5.202
2.115	2.201	2.428	2.718	3.269	3.887	4.106	4.808	5.460
2.097	2.196	2.376	2.669	3.240	3.852	4.073	4.708	5.377
2.071	2.142	2.307	2.599	3.196	3.807	4.035	4.776	5.346
2.076	2.129	2.229	2.504	3.099	3.708	3.944	4.677	5.248
2.063	2.112	2.197	2.438	3.041	3.656	3.919	4.663	5.235
2.015	2.050	2.144	2.363	2.982	3.605	3.819	4.654	5.256
1.957	1.964	2.037	2.232	2.845	3.444	3.656	4.462	5.108
1.951	1.957	2.006	2.221	2.833	3.447	3.664	4.497	5.085
1.891	1.925	1.939	2.149	2.760	3.366	3.586	4.410	5.015
1.872	1.947	2.014	2.268	2.895	3.524	3.750	4.558	5.157
1.778	1.891	1.965	2.171	2.767	3.420	3.772	4.559	5.199
1.806	1.885	1.982	2.208	2.795	3.434	3.783	4.587	5.234
1.591	1.692	1.862	2.186	2.722	3.416	3.752	4.546	5.183
1.621	1.716	1.898	2.218	2.713	3.345	3.650	4.433	4.967
1.623	1.708	1.906	2.237	2.711	3.338	3.639	4.372	4.932
1.629	1.714	1.904	2.228	2.716	3.341	3.641	4.390	4.908
1.629	1.714	1.882	2.171	2.668	3.322	3.630	4.389	4.923
1.608	1.704	1.881	2.113	2.634	3.297	3.601	4.330	4.908
1.641	1.746	1.998	2.284	2.870	3.527	3.843	4.596	5.152
1.630	1.725	1.964	2.254	2.824	3.482	3.804	4.508	5.104
1.638	1.734	1.970	2.255	2.851	3.471	3.795	4.491	5.073
1.512	1.614	1.860	2.293	2.877	3.507	3.831	4.508	5.078
1.560	1.664	1.909	2.379	2.986	3.643	3.889	4.635	5.174
1.563	1.669	1.962	2.467	3.103	3.730	3.974	4.671	5.235
1.565	1.679	1.955	2.502	3.144	3.776	4.007	4.679	5.243
1.573	1.692	1.966	2.489	3.122	3.738	3.970	4.632	5.221
1.573	1.673	1.892	2.382	3.027	3.627	3.856	4.505	5.105
1.575	1.699	2.026	2.520	3.247	3.860	4.085	4.763	5.307
1.576	1.704	1.997	2.522	3.225	3.860	4.091	4.763	5.298
1.566	1.685	1.942	2.474	3.151	3.802	4.046	4.699	5.252
1.538	1.673	1.894	2.425	3.191	3.855	4.077	4.725	5.280
1.545	1.678	1.884	2.403	3.168	3.835	4.063	4.690	5.234
1.647	1.774	1.913	2.349	3.139	3.723	3.987	4.584	5.195
1.646	1.774	1.925	2.352	3.131	3.696	3.966	4.557	5.182
1.690	1.804	1.852	2.135	3.023	3.576	3.810	4.475	5.126
1.721	1.845	1.872	2.133	2.994	3.537	3.775	4.438	5.098
1.721	1.845	1.898	2.384	3.017	3.555	3.779	4.445	5.109
1.689	1.812	1.875	2.326	2.968	3.381	3.736	4.368	5.066
1.661	1.785	1.826	2.274	2.919	3.349	3.705	4.338	5.039
1.667	1.800	1.832	2.296	2.939	3.366	3.737	4.389	5.096
1.692	1.814	1.876	2.369	3.018	3.463	3.825	4.485	5.201
1.651	1.791	1.831	2.308	2.958	3.408	3.771	4.420	5.153
1.644	1.771	1.828	2.208	2.826	3.252	3.635	4.259	5.003
1.485	1.483	1.549	2.226	2.746	3.236	3.632	4.453	4.988
1.496	1.508	1.595	2.259	2.779	3.273	3.660	4.475	5.088
1.460	1.537	1.607	2.263	2.776	3.284	3.674	4.476	5.098
1.661	1.698	1.834	2.096	2.710	3.255	3.635	4.413	5.052
1.662	1.688	1.828	2.097	2.706	3.246	3.622	4.409	5.051
1.653	1.662	1.780	2.047	2.646	3.193	3.587	4.366	5.021
1.620	1.651	1.731	1.969	2.504	3.046	3.429	4.189	4.772
1.664	1.647	1.748	1.978	2.498	3.097	3.410	4.176	4.769
1.655	1.648	1.746	1.988	2.510	3.124	3.444	4.168	4.742
1.656	1.658	1.740	1.978	2.500	3.116	3.442	4.175	4.747
1.668	1.678	1.852	2.159	2.708	3.364	3.692	4.430	4.974
1.630	1.641	1.804	2.137	2.654	3.217	3.645	4.384	4.907
1.638	1.677	1.856	2.229	2.736	3.281	3.710	4.428	4.922
1.654	1.804	1.921	2.164	2.746	3.158	3.528	4.315	4.859
1.661	1.807	1.885	2.155	2.777	3.219	3.552	4.302	4.863
1.652	1.800	1.907	2.267	2.968	3.466	3.690	4.399	5.006
1.621	1.753	1.733	2.063	2.903	3.401	3.615	4.367	4.934
1.631	1.770	1.763	2.073	3.017	3.460	3.658	4.340	4.947
1.647	1.789	1.795	2.008	2.822	3.336	3.607	4.273	4.930
1.630	1.770	1.754	1.977	2.796	3.329	3.593	4.250	4.902
1.333	1.325	1.802	1.937	2.768	3.408	3.692	4.355	4.909
1.349	1.323	1.629	1.929	2.736	3.437	3.714	4.330	4.847
1.351	1.313	1.623	1.932	2.699	3.361	3.638	4.350	4.859
1.332	1.290	1.597	1.878	2.628	3.283	3.570	4.276	4.800
1.382	1.350	1.533	1.857	2.542	3.271	3.529	4.226	4.801
1.400	1.376	1.567	1.886	2.598	3.298	3.483	4.273	4.847
1.375	1.357	1.573	1.885	2.572	3.296	3.473	4.264	4.860
1.383	1.324	1.560	1.890	2.542	3.292	3.492	4.294	4.887
1.368	1.320	1.530	1.869	2.550	3.209	3.436	4.221	4.903
1.370	1.335	1.574	1.932	2.608	3.304	3.574	4.310	4.966
1.375	1.294	1.551	1.888	2.548	3.251	3.526	4.234	4.908
1.372	1.311	1.559	1.904	2.562	3.265	3.531	4.185	4.937
1.377	1.332	1.703	1.942	2.596	3.350	3.589	4.142	4.972
1.355	1.302	1.635	1.864	2.498	3.301	3.499	4.043	4.815
1.352	1.318	1.662	1.878	2.588	3.410	3.610	4.155	4.904
1.319	1.323	1.497	1.727	2.590	3.241	3.525	4.035	4.827
1.323	1.321	1.488	1.711	2.543	3.169	3.529	4.023	4.826
1.343	1.349	1.521	1.760	2.595	3.225	3.586	4.129	4.872
1.355	1.336	1.501	1.780	2.565	3.123	3.433	4.116	4.905
1.319	1.315	1.307	1.702	2.517	3.219	3.396	4.057	4.870
1.311	1.332	1.311	1.653	2.436	3.138	3.319	3.990	4.791
1.324	1.309	1.447	1.805	2.612	3.252	3.531	4.193	4.909
1.324	1.328	1.404	1.728	2.546	3.245	3.523	4.160	4.876
1.345	1.324	1.419	1.824	2.553	3.177	3.439	4.155	4.944
1.299	1.273	1.359	1.747	2.496	3.123	3.340	4.244	4.870
1.309	1.284	1.363	1.755	2.478	3.093	3.309	4.180	4.858
1.309	1.284	1.390	1.763	2.486	3.111	3.323	4.199	4.976
1.335	1.302	1.382	1.770	2.414	3.079	3.297	4.043	5.000
1.339	1.301	1.396	1.757	2.393	3.028	3.288	4.064	4.973
1.329	1.292	1.356	1.714	2.318	2.968	3.208	4.002	4.915
1.329	1.293	1.366	1.725	2.289	2.963	3.230	4.044	4.854
1.328	1.282	1.369	1.677	2.233	2.784	3.190	4.005	4.806
1.327	1.303	1.376	1.682	2.238	2.760	3.167	3.980	4.789
1.343	1.298	1.371	1.666	2.225	2.746	3.148	3.886	4.782
1.319	1.287	1.366	1.626	2.191	2.700	3.111	3.850	4.727
1.322	1.279	1.363	1.652	2.222	2.736	3.161	3.883	4.765
1.264	1.225	1.298	1.593	2.165	2.696	3.125	3.867	4.749
1.271	1.224	1.296	1.602	2.188	2.610	3.034	3.696	4.616
1.235	1.193	1.253	1.597	2.197	2.620	3.089	3.771	4.673
1.214	1.182	1.280	1.628	2.233	2.652	3.117	3.774	4.652
1.259	1.240	1.424	1.813	2.438	2.843	3.334	3.967	4.829
1.266	1.235	1.375	1.793	2.385	2.782	3.273	3.878	4.782
1.281	1.255	1.450	1.891	2.499	2.907	3.420	4.065	4.927
1.343	1.310	1.494	2.004	2.631	2.934	3.523	4.102	4.784
1.356	1.333	1.502	2.047	2.705	2.992	3.602	4.193	4.868
1.306	1.273	1.396	1.923	2.641	2.937	3.518	4.158	4.841
1.296	1.275	1.469	2.037	2.782	3.096	3.678	4.316	4.992
1.297	1.267	1.402	1.917	2.643	2.953	3.539	4.178	4.845
1.284	1.257	1.387	1.892	2.592	2.920	3.527	4.182	4.820
1.288	1.248	1.378	1.894	2.518	2.889	3.523	4.161	4.984
1.191	1.170	1.287	1.807	2.494	2.879	3.511	4.174	4.998
1.159	1.135	1.230	1.725	2.420	2.824	3.436	4.120	4.939
1.182	1.183	1.252	1.760	2.350	2.712	3.307	4.022	4.865
1.183	1.167	1.259	1.684	2.334	2.721	3.314	4.067	4.909
1.184	1.180	1.262	1.783	2.439	2.860	3.440	4.195	4.969
1.205	1.221	1.225	1.747	2.401	2.939	3.378	4.138	4.913
1.203	1.219	1.222	1.769	2.450	3.014	3.405	4.176	4.952
1.251	1.272	1.252	1.815	2.511	3.066	3.431	4.204	4.980
1.256	1.268	1.244	1.790	2.476	3.025	3.394	4.160	4.939
1.235	1.247	1.223	1.749	2.408	2.974	3.345	4.103	4.921
1.248	1.270	1.277	1.834	2.465	3.028	3.397	4.139	5.026
1.280	1.315	1.307	1.872	2.506	3.074	3.441	4.110	5.101
1.292	1.340	1.369	1.952	2.590	3.145	3.499	4.162	5.122
1.279	1.325	1.357	1.938	2.569	3.120	3.474	4.126	5.082
1.263	1.324	1.330	1.910	2.523	3.073	3.423	4.073	5.078
1.263	1.322	1.328	1.909	2.522	3.072	3.433	4.071	5.086
1.261	1.323	1.340	1.936	2.548	3.111	3.473	4.092	5.103
1.266	1.331	1.349	1.957	2.559	3.121	3.482	4.100	5.111
1.292	1.345	1.375	1.964	2.566	3.130	3.491	4.142	5.142
1.267	1.321	1.351	1.940	2.543	3.106	3.467	4.118	5.116
1.269	1.322	1.352	1.925	2.551	3.114	3.469	4.119	5.110
1.190	1.232	1.230	1.810	2.348	2.914	3.283	3.954	4.958
1.248	1.301	1.303	1.886	2.424	2.992	3.361	4.031	5.036
1.227	1.280	1.293	1.761	2.504	3.018	3.392	4.062	5.063
1.229	1.271	1.247	1.665	2.350	2.914	3.264	3.946	4.974
1.219	1.262	1.252	1.629	2.294	2.925	3.254	3.947	4.995
1.195	1.228	1.258	1.728	2.389	3.092	3.409	4.075	5.159
1.173	1.215	1.235	1.695	2.355	3.056	3.358	4.006	5.117
1.160	1.171	1.154	1.577	2.246	2.889	3.126	3.908	5.026
1.156	1.209	1.249	1.476	2.113	2.610	3.087	3.739	4.877
1.116	1.189	1.248	1.494	2.214	2.618	3.034	3.712	4.995
1.115	1.178	1.235	1.466	2.203	2.601	3.058	3.697	4.890
1.089	1.181	1.234	1.491	2.171	2.626	3.066	3.650	4.648
1.089	1.161	1.214	1.482	2.164	2.599	3.028	3.605	4.606
1.081	1.173	1.199	1.456	2.064	2.514	2.946	3.527	4.519
1.109	1.181	1.243	1.512	2.123	2.575	3.011	3.553	4.523
1.142	1.124	1.130	1.499	1.968	2.449	2.888	3.485	4.344
1.181	1.181	1.190	1.552	1.976	2.439	2.773	3.566	4.094
1.233	1.242	1.219	1.438	1.896	2.328	2.626	3.417	3.957
1.229	1.238	1.262	1.551	1.985	2.451	2.749	3.500	4.072
1.233	1.232	1.217	1.523	1.935	2.370	2.664	3.420	4.052
1.233	1.232	1.240	1.545	1.957	2.397	2.698	3.444	4.075
1.196	1.185	1.167	1.521	1.942	2.402	2.704	3.450	4.051
1.206	1.195	1.162	1.485	1.932	2.410	2.724	3.516	4.144
1.219	1.209	1.196	1.490	1.909	2.402	2.742	3.515	4.163
1.220	1.178	1.160	1.438	1.861	2.372	2.677	3.420	4.067
1.210	1.199	1.190	1.470	1.877	2.348	2.669	3.451	4.249
1.249	1.239	1.204	1.474	1.900	2.390	2.745	3.544	4.259
1.194	1.174	1.147	1.358	1.804	2.282	2.647	3.439	4.174
1.163	1.158	1.137	1.390	1.776	2.264	2.597	3.411	4.127
1.163	1.148	1.115	1.415	1.811	2.312	2.646	3.478	4.204
1.162	1.148	1.130	1.423	1.828	2.346	2.708	3.494	4.211
1.126	1.101	1.035	1.343	1.704	2.247	2.591	3.394	4.130
1.116	1.091	1.063	1.288	1.621	2.145	2.477	3.232	4.042
1.044	1.038	1.015	1.290	1.681	2.183	2.517	3.295	4.023
0.999	0.982	0.988	1.247	1.654	2.082	2.411	3.242	3.682
0.936	0.954	0.983	1.242	1.643	2.074	2.413	3.204	3.651
1.015	1.041	1.055	1.366	1.692	2.137	2.511	3.276	3.726
1.044	1.040	1.048	1.430	1.823	2.236	2.618	3.406	3.807
1.027	1.023	1.047	1.439	1.862	2.292	2.693	3.504	3.910
0.998	0.993	1.022	1.349	1.789	2.276	2.656	3.475	3.964
1.012	1.018	1.026	1.363	1.810	2.297	2.686	3.502	4.012
1.033	1.048	1.026	1.346	1.761	2.255	2.616	3.426	3.968
1.063	1.084	1.067	1.362	1.761	2.250	2.611	3.415	3.962
1.166	1.199	1.226	1.539	1.955	2.463	2.803	3.605	4.136
1.098	1.170	1.259	1.614	2.035	2.549	2.912	3.722	4.242
1.036	1.129	1.185	1.536	1.972	2.495	2.841	3.660	4.202
1.020	1.141	1.160	1.481	1.905	2.443	2.798	3.604	4.164
1.017	1.108	1.168	1.462	1.913	2.444	2.813	3.650	4.192
1.021	1.133	1.165	1.463	1.905	2.440	2.812	3.659	4.208
0.998	1.141	1.191	1.501	1.970	2.524	2.938	3.784	4.355
1.009	1.131	1.171	1.493	1.971	2.519	2.906	3.783	4.340
1.043	1.156	1.200	1.544	2.063	2.616	3.009	3.874	4.433
1.019	1.126	1.179	1.552	2.081	2.657	3.031	3.869	4.435
0.992	1.110	1.153	1.514	2.047	2.595	2.990	3.780	4.356
0.995	1.103	1.136	1.488	2.006	2.566	2.955	3.747	4.335
1.026	1.144	1.159	1.488	1.988	2.531	2.922	3.733	4.338
1.046	1.164	1.207	1.563	2.089	2.650	3.037	3.852	4.453
1.042	1.171	1.246	1.677	2.282	2.905	3.312	4.118	4.729
1.038	1.164	1.154	1.647	2.239	2.837	3.239	4.039	4.656
1.027	1.162	1.169	1.664	2.259	2.852	3.263	4.043	4.666
1.026	1.165	1.221	1.716	2.318	2.944	3.359	4.136	4.748
1.084	1.219	1.283	1.891	2.545	3.214	3.622	4.489	5.016
1.110	1.245	1.268	1.813	2.435	3.063	3.478	4.374	4.915
1.125	1.252	1.350	1.802	2.412	3.049	3.469	4.370	4.918
1.137	1.265	1.302	1.788	2.403	3.092	3.515	4.423	4.986
1.146	1.289	1.301	1.731	2.384	3.107	3.531	4.455	5.017
1.178	1.306	1.339	1.840	2.528	3.239	3.679	4.580	5.118
1.088	1.195	1.409	1.885	2.627	3.390	3.770	4.710	5.274
1.111	1.213	1.382	1.836	2.540	3.278	3.647	4.613	5.181
1.079	1.223	1.479	1.939	2.605	3.342	3.701	4.691	5.280
1.079	1.243	1.495	1.982	2.647	3.387	3.719	4.723	5.255
1.106	1.250	1.458	1.880	2.534	3.257	3.582	4.587	5.147
1.105	1.269	1.523	2.038	2.714	3.404	3.730	4.713	5.279
1.085	1.231	1.486	1.953	2.649	3.286	3.604	4.562	5.123
1.083	1.237	1.474	1.909	2.595	3.251	3.577	4.527	5.072
1.089	1.243	1.472	1.902	2.586	3.236	3.567	4.523	5.109
1.087	1.260	1.509	1.972	2.666	3.315	3.651	4.609	5.205
1.071	1.235	1.470	1.935	2.635	3.343	3.701	4.677	5.286
1.092	1.257	1.514	2.047	2.793	3.466	3.858	4.835	5.442
1.163	1.328	1.451	2.060	2.770	3.438	3.798	4.739	5.271
1.134	1.225	1.408	2.051	2.802	3.396	3.887	4.662	5.186
1.196	1.296	1.454	2.147	2.820	3.414	3.874	4.634	5.168
1.281	1.371	1.579	2.086	2.681	3.282	3.755	4.487	5.108
1.265	1.355	1.596	2.134	2.692	3.432	3.873	4.512	5.257
1.269	1.371	1.627	2.233	2.789	3.531	3.977	4.630	5.279
1.163	1.243	1.484	2.239	2.785	3.537	3.971	4.618	5.257
1.178	1.232	1.500	2.309	2.850	3.628	4.054	4.664	5.305
1.169	1.235	1.456	2.226	2.809	3.577	4.010	4.613	5.272
1.165	1.233	1.487	2.297	2.923	3.669	4.066	4.698	5.356
1.113	1.193	1.381	2.193	2.760	3.496	3.894	4.508	5.194
1.141	1.222	1.341	2.237	2.833	3.598	3.999	4.594	5.285
1.144	1.227	1.448	2.253	2.831	3.601	3.989	4.587	5.279
1.111	1.216	1.468	2.295	2.942	3.741	4.151	4.749	5.416
1.082	1.161	1.415	2.228	2.952	3.727	4.147	4.708	5.370
1.075	1.165	1.359	2.116	2.835	3.593	4.026	4.592	5.282
1.074	1.163	1.306	1.963	2.661	3.402	3.834	4.404	5.143
1.122	1.213	1.364	2.046	2.714	3.505	3.956	4.528	5.271
1.114	1.203	1.313	1.974	2.603	3.335	3.818	4.446	5.204
1.154	1.223	1.330	1.947	2.517	3.276	3.747	4.262	5.007
1.190	1.280	1.411	2.059	2.645	3.352	3.838	4.368	5.099
1.116	1.186	1.297	1.952	2.505	3.298	3.685	4.237	5.002
1.088	1.165	1.271	1.900	2.458	3.255	3.648	4.216	5.001
1.099	1.166	1.270	1.901	2.453	3.272	3.640	4.218	5.012
1.091	1.170	1.288	1.928	2.443	3.242	3.587	4.136	4.900
1.133	1.201	1.321	1.985	2.492	3.185	3.626	4.219	4.915
1.135	1.214	1.361	2.029	2.549	3.245	3.696	4.271	4.929
1.073	1.181	1.287	1.945	2.482	3.196	3.665	4.250	4.940
1.101	1.218	1.320	1.983	2.520	3.226	3.711	4.300	4.859
1.070	1.188	1.293	1.957	2.473	3.206	3.738	4.218	4.722
1.087	1.205	1.356	1.969	2.473	3.202	3.713	4.183	4.687
1.096	1.205	1.330	1.883	2.368	3.089	3.606	4.085	4.603
1.097	1.207	1.346	1.955	2.397	3.114	3.435	4.170	4.722
1.041	1.149	1.245	1.773	2.206	2.923	3.245	3.977	4.536
1.083	1.191	1.285	1.809	2.248	2.968	3.288	4.017	4.587
1.072	1.181	1.273	1.782	2.274	2.888	3.328	4.164	4.641
1.092	1.222	1.368	1.973	2.502	3.134	3.588	4.432	4.878
1.046	1.175	1.313	1.904	2.430	3.055	3.529	4.384	4.793
1.036	1.162	1.316	1.937	2.492	3.129	3.625	4.490	4.877
1.035	1.172	1.324	1.934	2.482	3.203	3.636	4.295	4.884
1.054	1.183	1.343	1.979	2.539	3.225	3.660	4.396	4.944
1.065	1.194	1.350	1.991	2.541	3.194	3.640	4.356	4.936
1.051	1.180	1.337	1.962	2.460	3.106	3.597	4.373	4.923
1.053	1.182	1.359	2.022	2.538	3.189	3.688	4.479	5.024
1.057	1.175	1.379	2.096	2.600	3.323	3.823	4.607	5.058
1.067	1.206	1.465	2.275	2.772	3.478	3.945	4.708	5.123
1.057	1.186	1.421	2.192	2.702	3.396	3.855	4.619	5.036
1.086	1.217	1.448	2.203	2.715	3.406	3.862	4.620	5.048
1.105	1.221	1.445	2.147	2.674	3.380	3.834	4.581	5.008
1.117	1.224	1.424	2.066	2.597	3.291	3.724	4.521	4.921
1.089	1.207	1.428	2.104	2.644	3.358	3.729	4.461	4.982
1.107	1.227	1.418	2.046	2.568	3.270	3.651	4.381	4.910
1.117	1.218	1.429	2.089	2.601	3.303	3.678	4.398	4.882
1.117	1.214	1.389	1.994	2.503	3.203	3.590	4.298	4.813
1.115	1.223	1.430	2.080	2.611	3.320	3.715	4.432	4.937
1.098	1.217	1.367	2.128	2.648	3.414	3.785	4.489	4.963
1.109	1.228	1.380	2.100	2.617	3.381	3.749	4.447	4.920
1.125	1.256	1.436	2.179	2.694	3.455	3.806	4.474	4.995
1.130	1.257	1.417	2.146	2.658	3.416	3.757	4.425	4.971
1.145	1.273	1.470	2.236	2.753	3.518	3.847	4.507	5.034
1.174	1.324	1.592	2.337	2.861	3.613	3.934	4.586	5.126
1.184	1.324	1.619	2.382	2.911	3.656	3.955	4.586	5.159
1.196	1.348	1.618	2.402	2.963	3.610	3.964	4.624	5.060
1.143	1.291	1.580	2.399	2.976	3.560	3.935	4.558	5.056
1.133	1.281	1.579	2.391	2.932	3.513	3.884	4.501	5.004
1.188	1.307	1.558	2.275	2.819	3.369	3.761	4.370	4.896
1.188	1.297	1.501	2.201	2.719	3.270	3.665	4.276	4.842
1.189	1.309	1.511	2.189	2.708	3.253	3.639	4.235	4.829
1.179	1.286	1.493	2.156	2.658	3.193	3.572	4.163	4.755
1.150	1.268	1.526	2.220	2.762	3.302	3.655	4.244	4.847
1.156	1.255	1.463	2.144	2.686	3.224	3.585	4.167	4.761
1.115	1.224	1.526	2.218	2.722	3.253	3.621	4.197	4.709
1.100	1.221	1.543	2.281	2.790	3.329	3.708	4.279	4.761
1.080	1.197	1.510	2.208	2.725	3.262	3.631	4.214	4.698
1.108	1.246	1.584	2.331	2.833	3.370	3.747	4.320	4.791
1.108	1.248	1.580	2.330	2.833	3.371	3.747	4.319	4.791
1.109	1.250	1.683	2.414	2.931	3.479	3.848	4.423	4.881
1.069	1.233	1.699	2.442	2.951	3.518	3.888	4.477	4.910
1.079	1.233	1.687	2.422	2.944	3.518	3.895	4.489	4.926
1.047	1.202	1.714	2.437	2.965	3.538	3.911	4.459	4.952
1.049	1.204	1.683	2.407	2.944	3.509	3.876	4.424	4.952
1.018	1.168	1.553	2.223	2.750	3.301	3.688	4.218	4.827
1.037	1.181	1.595	2.267	2.778	3.350	3.725	4.261	4.876
1.046	1.193	1.636	2.327	2.847	3.440	3.822	4.364	4.944
0.968	1.106	1.502	2.244	2.764	3.357	3.656	4.217	4.888
0.963	1.091	1.423	2.126	2.645	3.291	3.586	4.106	4.804
0.981	1.110	1.484	2.161	2.726	3.364	3.659	4.308	4.785
0.992	1.132	1.516	2.187	2.733	3.324	3.579	4.277	4.801
0.977	1.103	1.461	2.134	2.673	3.259	3.485	4.182	4.801
0.995	1.122	1.505	2.121	2.740	3.272	3.537	4.173	4.780
0.983	1.020	1.466	2.084	2.743	3.267	3.537	4.125	4.712
0.976	1.074	1.580	2.085	2.743	3.271	3.556	4.135	4.788
0.970	1.081	1.547	2.097	2.763	3.299	3.578	4.157	4.806
0.971	1.073	1.565	2.142	2.836	3.394	3.673	4.262	4.956
0.998	1.099	1.537	2.107	2.764	3.291	3.520	4.148	4.914
0.999	1.100	1.531	2.109	2.764	3.292	3.520	4.147	4.914
0.997	1.108	1.562	2.102	2.741	3.273	3.494	4.121	4.897
0.979	1.101	1.487	2.117	2.768	3.314	3.604	4.227	4.961
0.992	1.025	1.417	2.088	2.756	3.316	3.611	4.313	4.970
0.983	1.036	1.367	2.102	2.772	3.338	3.659	4.291	4.980
0.984	1.036	1.362	2.102	2.773	3.338	3.659	4.290	4.980
0.983	1.049	1.446	2.213	2.906	3.470	3.749	4.417	5.126
1.021	1.091	1.487	2.279	2.991	3.576	3.907	4.567	5.216
1.108	1.178	1.426	2.178	2.883	3.465	3.788	4.442	5.098
1.051	1.149	1.395	2.170	2.924	3.465	3.707	4.380	5.128
1.075	1.166	1.395	2.153	2.698	3.232	3.717	4.370	5.056
1.073	1.132	1.292	1.979	2.491	3.011	3.364	4.089	4.770
1.102	1.152	1.310	1.995	2.510	3.053	3.403	4.113	4.749
1.084	1.140	1.260	1.909	2.410	2.932	3.252	3.941	4.668
0.957	1.029	1.130	1.945	2.438	2.975	3.310	3.985	4.555
1.055	1.200	1.224	1.958	2.463	2.998	3.324	3.986	4.530
1.084	1.202	1.240	2.011	2.531	3.089	3.440	4.072	4.683
1.087	1.205	1.242	2.015	2.535	3.092	3.442	4.074	4.683
1.115	1.231	1.220	1.977	2.544	3.121	3.365	4.045	4.690
1.140	1.243	1.225	1.963	2.543	3.150	3.363	4.029	4.679
1.130	1.233	1.202	1.912	2.489	3.044	3.294	3.957	4.609
1.147	1.251	1.259	1.986	2.593	3.169	3.429	4.099	4.743
1.149	1.244	1.245	2.025	2.650	3.203	3.466	4.161	4.794
1.132	1.226	1.253	1.905	2.577	3.078	3.415	4.131	4.911
1.177	1.280	1.376	2.103	2.732	3.280	3.623	4.260	4.873
1.133	1.197	1.316	2.088	2.698	3.241	3.611	4.321	4.862
1.123	1.187	1.269	2.080	2.640	3.218	3.564	4.255	4.820
1.119	1.173	1.261	2.049	2.617	3.206	3.530	4.216	4.822
1.141	1.193	1.266	2.009	2.577	3.164	3.491	4.116	4.730
1.132	1.194	1.267	2.039	2.613	3.204	3.523	4.133	4.757
1.135	1.199	1.304	2.108	2.688	3.274	3.571	4.163	4.802
1.140	1.204	1.278	2.036	2.583	3.167	3.443	4.040	4.718
1.158	1.212	1.286	2.083	2.533	2.953	3.447	4.049	4.713
1.197	1.229	1.344	2.132	2.577	3.029	3.517	4.139	4.774
1.071	1.145	1.297	1.997	2.599	3.063	3.559	4.281	4.749
1.058	1.132	1.294	2.030	2.481	2.999	3.572	4.280	4.759
1.063	1.127	1.312	2.022	2.505	3.035	3.550	4.286	4.760
1.065	1.130	1.316	2.026	2.507	3.037	3.553	4.286	4.761
1.068	1.141	1.316	2.020	2.510	3.039	3.543	4.232	4.761
1.040	1.104	1.310	2.040	2.529	3.059	3.563	4.241	4.773
1.061	1.115	1.304	2.003	2.498	3.030	3.538	4.216	4.751
1.061	1.125	1.351	2.061	2.559	3.107	3.625	4.288	4.820
1.055	1.109	1.317	1.975	2.452	3.014	3.533	4.202	4.738
1.042	1.096	1.266	1.946	2.454	3.077	3.561	4.207	4.758
1.040	1.085	1.252	1.902	2.415	3.040	3.529	4.177	4.730
1.045	1.089	1.238	1.941	2.431	3.062	3.559	4.214	4.765
1.027	1.063	1.236	1.903	2.385	3.003	3.498	4.136	4.687
1.058	1.087	1.305	1.924	2.394	3.019	3.537	4.146	4.689
1.072	1.113	1.371	2.001	2.475	3.095	3.558	4.230	4.766
1.089	1.150	1.373	1.998	2.552	3.146	3.534	4.260	4.793
1.107	1.180	1.381	1.984	2.538	3.116	3.503	4.221	4.766
1.046	1.082	1.255	1.874	2.382	2.958	3.308	4.024	4.593
1.066	1.100	1.228	1.831	2.320	2.863	3.225	3.945	4.531
1.051	1.095	1.206	1.814	2.316	2.832	3.173	3.890	4.478
1.055	1.100	1.206	1.772	2.354	2.869	3.199	3.923	4.503
1.074	1.129	1.166	1.732	2.272	2.789	3.138	3.909	4.405
1.064	1.121	1.241	1.799	2.372	2.892	3.207	3.996	4.489
1.023	1.099	1.194	1.797	2.362	2.885	3.204	3.930	4.457
1.051	1.117	1.204	1.768	2.286	2.797	3.143	3.887	4.403
1.049	1.135	1.228	1.790	2.337	2.848	3.189	3.919	4.404
1.005	1.081	1.163	1.777	2.281	2.797	3.142	3.895	4.365
1.107	1.194	1.242	1.780	2.204	2.704	3.126	3.928	4.401
1.062	1.147	1.149	1.753	2.169	2.653	3.071	3.865	4.343
1.114	1.169	1.240	1.766	2.153	2.658	3.073	3.873	4.340
1.077	1.132	1.213	1.752	2.143	2.662	3.083	3.887	4.358
1.076	1.130	1.193	1.756	2.148	2.674	3.096	3.912	4.391
1.093	1.140	1.266	1.835	2.236	2.764	3.205	4.016	4.487
1.066	1.115	1.340	1.913	2.324	2.881	3.333	4.124	4.598
1.066	1.121	1.377	1.934	2.347	2.901	3.347	4.133	4.609
1.046	1.102	1.335	1.887	2.304	2.845	3.294	4.079	4.570
1.046	1.113	1.382	1.947	2.352	2.922	3.347	4.127	4.627
1.092	1.170	1.494	2.184	2.660	3.209	3.639	4.432	4.889
1.082	1.181	1.479	2.219	2.715	3.276	3.687	4.499	4.955
1.100	1.196	1.440	2.164	2.607	3.180	4.005	4.313	4.826
1.132	1.229	1.456	2.186	2.632	3.136	3.522	4.357	4.871
1.143	1.241	1.497	2.217	2.597	3.193	3.523	4.353	4.940
1.144	1.242	1.498	2.218	2.598	3.194	3.525	4.352	4.926
1.144	1.243	1.483	2.245	2.629	3.234	3.564	4.395	4.964
1.109	1.225	1.542	2.325	2.729	3.243	3.643	4.533	5.143
1.155	1.324	1.621	2.425	2.780	3.277	3.677	4.557	5.145
1.134	1.304	1.594	2.432	2.823	3.335	3.720	4.612	5.207
1.190	1.289	1.568	2.385	2.773	3.284	3.627	4.554	5.173
1.273	1.373	1.676	2.428	2.876	3.385	3.749	4.602	5.270
1.319	1.437	1.749	2.551	2.999	3.517	3.881	4.675	5.296
1.297	1.417	1.755	2.508	2.988	3.541	3.861	4.627	5.241
1.282	1.423	1.753	2.474	2.951	3.507	3.826	4.594	5.213
1.304	1.366	1.857	2.599	3.084	3.634	3.943	4.656	5.291
1.239	1.330	1.825	2.574	2.954	3.559	3.885	4.560	5.166
1.247	1.328	1.805	2.508	2.900	3.505	3.803	4.504	5.123
1.260	1.339	1.877	2.635	3.056	3.645	3.941	4.740	5.257
1.143	1.293	1.942	2.624	3.130	3.708	3.935	4.737	5.314
1.171	1.393	2.014	2.599	3.112	3.683	3.909	4.699	5.287
1.227	1.440	2.029	2.605	3.110	3.693	3.910	4.683	5.296
1.243	1.451	2.025	2.627	3.150	3.737	3.987	4.691	5.371
1.250	1.460	2.023	2.678	3.186	3.772	3.976	4.691	5.422
1.256	1.488	2.068	2.724	3.244	3.820	4.021	4.730	5.456
1.328	1.622	2.245	3.007	3.519	4.050	4.283	4.939	5.640
1.295	1.599	2.250	2.977	3.526	4.116	4.353	4.962	5.636
1.284	1.601	2.221	2.963	3.491	4.074	4.314	4.913	5.586
1.193	1.492	2.206	3.004	3.577	4.144	4.385	4.997	5.692
1.179	1.521	2.259	3.079	3.637	4.200	4.427	5.040	5.738
1.163	1.514	2.167	2.935	3.487	4.040	4.296	4.928	5.607
1.230	1.548	2.170	2.909	3.450	3.997	4.241	4.868	5.565
1.229	1.566	2.269	2.986	3.478	4.056	4.289	4.869	5.621
1.159	1.512	2.259	3.005	3.504	4.054	4.291	4.868	5.635
