7.200	7.454	7.634	7.914	8.136	8.485	8.735	9.176	9.699
7.210	7.464	7.686	7.923	8.100	8.474	8.761	9.188	9.726
7.270	7.527	7.770	8.039	8.250	8.588	8.876	9.319	9.843
7.190	7.423	7.592	7.937	8.136	8.473	8.761	9.215	9.752
7.130	7.361	7.561	7.961	8.181	8.506	8.794	9.262	9.799
7.140	7.361	7.604	8.025	8.256	8.593	8.868	9.364	9.871
7.140	7.361	7.614	8.046	8.255	8.592	8.905	9.400	9.890
7.060	7.247	7.479	7.856	8.088	8.412	8.711	9.205	9.708
6.950	7.133	7.333	7.699	7.942	8.265	8.539	9.058	9.527
6.950	7.102	7.281	7.582	7.848	8.159	8.432	8.978	9.429
6.960	7.133	7.344	7.710	7.964	8.263	8.525	9.031	9.500
6.960	7.123	7.344	7.710	7.941	8.253	8.527	9.060	9.482
6.910	7.133	7.365	7.785	7.982	8.306	8.592	9.113	9.519
6.900	7.154	7.407	7.785	7.982	8.306	8.592	9.113	9.519
6.810	7.133	7.333	7.743	7.928	8.264	8.538	9.044	9.626
6.920	7.185	7.374	7.752	7.960	8.296	8.545	9.012	9.628
7.040	7.185	7.374	7.654	7.728	8.030	8.480	8.726	9.450
7.050	7.216	7.416	7.859	8.010	8.287	8.613	9.120	9.715
7.000	7.164	7.428	7.837	7.966	8.243	8.594	9.087	9.696
7.070	7.174	7.438	7.793	7.968	8.245	8.595	9.074	9.686
7.030	7.185	7.427	7.804	7.934	8.223	8.586	9.064	9.673
7.110	7.236	7.500	7.888	8.040	8.329	8.680	9.201	9.780
7.110	7.299	7.499	7.953	8.104	8.394	8.745	9.266	9.832
7.060	7.309	7.520	7.952	8.149	8.438	8.776	9.284	9.866
7.060	7.278	7.552	8.006	8.179	8.469	8.858	9.379	9.913
7.070	7.330	7.594	8.047	8.244	8.569	8.920	9.442	9.977
6.980	7.216	7.469	7.922	8.119	8.431	8.807	9.313	9.845
6.820	6.998	7.272	7.714	7.898	8.186	8.510	8.988	9.566
6.780	6.988	7.304	7.756	7.952	8.252	8.526	9.087	9.616
6.800	6.988	7.304	7.767	7.951	8.263	8.537	9.057	9.589
6.760	6.957	7.315	7.810	8.017	8.376	8.599	9.161	9.660
6.780	6.957	7.315	7.810	8.006	8.329	8.628	9.107	9.686
6.750	6.947	7.273	7.801	7.996	8.307	8.581	9.088	9.619
6.670	6.885	7.158	7.675	7.859	8.170	8.443	8.962	9.476
6.990	7.205	7.501	8.052	8.224	8.573	8.835	9.141	9.480
7.290	7.516	7.791	8.038	8.215	8.566	8.829	9.123	9.478
7.330	7.547	7.801	7.972	8.161	8.476	8.778	9.017	9.419
7.380	7.537	7.875	8.079	8.222	8.573	8.888	9.113	9.516
7.480	7.682	8.021	8.257	8.434	8.750	9.079	9.305	9.696
7.500	7.734	8.105	8.417	8.571	8.911	9.177	9.419	9.843
7.520	7.724	8.084	8.364	8.529	8.881	9.134	9.375	9.783
7.450	7.651	8.000	8.335	8.522	8.850	9.140	9.380	9.804
7.410	7.661	7.905	8.273	8.448	8.811	9.063	9.317	9.724
7.390	7.682	8.042	8.355	8.531	8.907	9.159	9.427	9.850
7.390	7.693	8.063	8.354	8.542	8.918	9.169	9.451	9.874
7.450	7.703	8.042	8.322	8.521	8.885	9.137	9.419	9.810
7.540	7.827	8.114	8.383	8.572	8.948	9.188	9.470	9.830
7.500	7.755	8.030	8.300	8.488	8.852	9.091	9.414	9.726
7.500	7.755	8.030	8.311	8.510	8.874	9.113	9.423	9.749
7.520	7.776	8.051	8.332	8.531	8.907	9.121	9.404	9.763
7.380	7.620	7.884	8.143	8.342	8.717	8.905	9.215	9.572
7.410	7.693	7.957	8.183	8.395	8.758	8.958	9.282	9.608
7.370	7.661	7.926	8.152	8.341	8.716	8.904	9.214	9.572
7.320	7.620	7.916	8.185	8.351	8.690	8.916	9.226	9.569
7.310	7.610	7.938	8.228	8.427	8.755	8.981	9.291	9.633
7.310	7.578	7.938	8.229	8.428	8.767	8.993	9.289	9.647
7.270	7.464	7.834	8.125	8.323	8.662	8.875	9.076	9.437
7.300	7.506	7.918	8.208	8.384	8.747	8.973	9.161	9.523
7.170	7.381	7.762	8.030	8.240	8.590	8.840	9.053	9.411
7.190	7.392	7.793	8.072	8.294	8.644	8.881	9.122	9.479
7.080	7.267	7.679	7.958	8.156	8.470	8.733	8.959	9.316
7.090	7.299	7.689	7.957	8.167	8.516	8.779	9.004	9.361
7.030	7.267	7.690	7.990	8.200	8.561	8.823	9.048	9.422
7.010	7.236	7.638	7.916	8.114	8.475	8.725	8.924	9.313
7.010	7.247	7.637	7.916	8.114	8.452	8.727	8.925	9.328
6.940	7.216	7.553	7.810	7.998	8.323	8.598	8.769	9.172
6.940	7.236	7.574	7.810	8.008	8.357	8.619	8.764	9.183
6.940	7.216	7.532	7.757	7.956	8.257	8.532	8.678	9.081
6.920	7.174	7.565	7.811	7.986	8.300	8.600	8.691	9.177
6.910	7.216	7.575	7.831	8.007	8.297	8.585	8.691	9.128
6.840	7.205	7.564	7.854	8.029	8.342	8.643	8.761	9.181
7.000	7.371	7.709	8.021	8.174	8.500	8.814	8.918	9.356
6.940	7.319	7.647	7.948	8.134	8.460	8.773	8.877	9.329
6.960	7.340	7.699	8.011	8.164	8.490	8.829	8.945	9.397
6.960	7.340	7.657	7.936	8.067	8.417	8.743	8.873	9.324
6.990	7.288	7.626	7.905	8.058	8.372	8.711	8.814	9.280
6.950	7.267	7.626	7.927	8.091	8.405	8.731	8.834	9.287
6.990	7.309	7.668	8.078	8.252	8.554	8.893	8.889	9.363
7.070	7.402	7.709	8.141	8.281	8.607	8.947	8.929	9.434
7.130	7.423	7.729	8.150	8.279	8.606	8.958	8.940	9.431
7.150	7.423	7.729	8.129	8.258	8.585	8.937	8.905	9.411
7.240	7.433	7.782	8.148	8.301	8.639	8.979	8.947	9.469
7.130	7.381	7.688	8.043	8.207	8.557	8.883	8.839	9.390
7.170	7.444	7.771	8.127	8.314	8.700	9.013	9.021	9.496
7.110	7.340	7.678	8.033	8.208	8.570	8.908	8.903	9.422
7.130	7.361	7.688	8.065	8.252	8.613	8.964	8.958	9.461
7.110	7.340	7.657	8.067	8.230	8.603	8.954	8.948	9.452
7.020	7.257	7.606	8.058	8.244	8.629	8.966	8.986	9.473
7.000	7.236	7.564	8.038	8.246	8.642	8.967	9.000	9.486
7.000	7.247	7.563	8.016	8.224	8.645	8.969	9.001	9.504
7.000	7.247	7.585	8.059	8.278	8.687	9.024	9.029	9.547
7.000	7.257	7.595	8.059	8.267	8.663	8.950	9.011	9.561
6.990	7.236	7.532	7.996	8.204	8.588	8.938	8.903	9.451
7.070	7.340	7.678	8.186	8.405	8.826	9.164	9.154	9.691
7.080	7.371	7.688	8.174	8.416	8.825	9.189	9.327	9.858
7.090	7.433	7.750	8.259	8.489	8.899	9.250	9.362	9.863
7.040	7.371	7.720	8.250	8.480	8.853	9.179	9.306	9.792
7.030	7.350	7.710	8.250	8.469	8.854	9.180	9.320	9.773
7.210	7.547	7.865	8.374	8.604	8.979	9.267	9.478	9.887
7.220	7.527	7.844	8.331	8.562	8.936	9.224	9.408	9.833
7.250	7.547	7.865	8.341	8.572	8.946	9.222	9.406	9.816
7.210	7.537	7.886	8.406	8.636	9.011	9.299	9.456	9.883
7.340	7.724	8.084	8.615	8.869	9.244	9.534	9.690	10.088
7.350	7.713	8.084	8.605	8.847	9.247	9.523	9.666	10.097
7.350	7.724	8.084	8.604	8.870	9.245	9.522	9.678	10.093
7.390	7.807	8.188	8.720	8.997	9.385	9.675	9.831	10.247
7.360	7.807	8.167	8.721	8.791	9.169	9.499	9.684	10.097
7.290	7.807	8.167	8.732	8.813	9.203	9.508	9.638	10.132
7.280	7.807	8.178	8.743	8.824	9.214	9.505	9.663	10.144
7.310	7.848	8.219	8.773	8.855	9.245	9.511	9.684	10.148
7.320	7.859	8.251	8.706	8.789	9.168	9.434	9.567	10.109
7.300	7.890	8.293	8.759	8.842	9.221	9.526	9.670	10.183
7.370	7.931	8.292	8.814	8.884	9.275	9.580	9.711	10.224
7.440	8.014	8.322	8.844	8.664	9.373	9.674	9.841	10.351
7.350	7.973	8.270	8.781	8.990	9.233	9.489	9.624	10.156
7.380	7.962	8.238	8.760	8.992	9.187	9.455	9.604	10.152
7.390	8.014	8.227	8.793	8.978	9.222	9.503	9.678	10.191
7.340	7.931	8.154	8.665	8.805	9.050	9.330	9.711	9.977
7.390	7.962	8.206	8.751	8.902	9.122	9.403	9.703	10.036
7.320	7.911	8.154	8.687	8.838	9.083	9.363	9.511	10.023
7.530	8.108	8.363	8.919	9.058	9.315	9.494	9.743	10.257
7.410	7.983	8.355	8.888	9.038	9.295	9.602	9.887	10.381
7.410	7.994	8.344	8.877	9.039	9.284	9.591	9.862	10.390
7.530	8.077	8.374	8.919	9.058	9.315	9.623	9.894	10.405
7.420	7.921	8.154	8.676	8.782	9.051	9.357	9.668	10.567
7.470	8.014	8.227	8.705	8.812	9.033	9.365	9.663	10.581
7.430	7.931	8.112	8.535	8.642	8.863	9.005	9.241	10.528
7.370	7.952	8.185	8.675	8.826	9.107	9.120	9.347	10.648
7.370	7.911	8.165	8.643	8.806	9.159	9.145	9.398	10.675
7.380	7.900	8.165	8.643	8.795	9.172	9.145	9.384	10.661
7.340	7.859	8.155	8.677	8.851	9.216	9.200	9.439	10.719
7.340	7.900	8.165	8.720	8.882	9.271	9.230	9.497	11.096
7.430	7.859	8.145	8.666	8.829	9.206	9.165	9.418	11.028
7.510	7.921	8.197	8.653	8.805	9.170	9.143	9.410	10.986
7.590	7.983	8.238	8.640	8.781	9.123	9.097	9.364	10.939
7.450	7.713	8.126	8.515	8.645	9.010	8.984	9.236	10.801
7.430	7.641	8.096	8.517	8.635	9.000	8.973	9.226	10.773
7.370	7.568	8.034	8.444	8.561	8.926	8.900	9.125	10.698
7.350	7.558	8.002	8.401	8.530	8.882	8.857	9.095	10.667
7.290	7.610	8.065	8.355	8.508	8.860	8.835	9.276	10.224
7.190	7.495	7.908	8.209	8.351	8.750	8.711	9.245	10.046
7.170	7.537	7.928	8.164	8.420	8.867	8.951	9.345	10.286
7.110	7.444	7.888	8.145	8.435	8.881	8.964	9.385	10.491
7.480	7.807	8.252	8.521	8.709	9.050	9.125	9.552	10.651
7.300	7.630	8.033	8.290	8.455	8.795	8.896	9.415	10.418
7.390	7.765	8.115	8.373	8.527	8.868	8.969	9.475	10.465
7.500	7.900	8.261	8.508	8.663	8.992	9.094	9.589	10.583
7.480	7.900	8.282	8.540	8.729	9.034	9.148	9.643	10.623
7.530	7.962	8.334	8.592	8.770	9.099	9.201	9.710	10.692
7.560	8.014	8.354	8.602	8.757	9.099	9.213	9.709	10.406
7.610	8.066	8.374	8.633	8.788	9.143	9.256	9.752	10.482
7.540	8.046	8.300	8.582	8.771	9.112	9.226	9.735	10.447
7.540	8.056	8.300	8.549	8.738	9.068	9.181	9.718	10.433
7.820	8.358	8.602	8.907	9.142	9.485	9.572	10.129	10.797
7.930	8.462	8.707	9.022	9.258	9.601	9.689	10.247	10.925
7.900	8.410	8.644	8.959	9.206	9.561	9.661	10.190	10.880
7.830	8.326	8.592	8.885	9.086	9.478	9.642	10.111	10.802
7.710	8.326	8.624	8.917	9.106	9.486	9.664	10.119	10.750
7.680	8.316	8.593	8.863	9.019	9.375	9.565	10.035	10.897
7.670	8.306	8.603	8.830	8.986	9.318	9.509	9.951	10.820
7.740	8.337	8.560	8.755	8.888	9.220	9.437	9.836	10.708
7.700	8.285	8.519	8.746	8.902	9.197	9.427	9.839	10.709
7.680	8.285	8.508	8.735	8.903	9.234	9.463	9.875	10.728
7.780	8.337	8.518	8.735	8.902	9.233	9.450	9.876	10.726
7.790	8.306	8.486	8.703	8.859	9.166	9.396	9.794	10.663
7.710	8.170	8.383	8.577	8.699	9.102	9.330	9.629	10.498
7.660	8.118	8.363	8.491	8.602	8.981	9.222	9.494	10.548
7.690	8.129	8.267	8.527	8.728	9.118	9.319	9.577	11.002
7.770	8.150	8.404	8.653	8.912	9.253	9.468	9.726	11.243
7.780	8.212	8.488	8.759	9.040	9.357	9.586	9.872	11.369
7.730	8.170	8.383	8.654	8.912	9.290	9.504	9.775	11.283
7.680	8.129	8.362	8.633	8.880	9.245	9.485	9.770	11.279
7.700	8.170	8.393	8.675	8.945	9.310	9.486	9.814	11.204
7.740	8.150	8.362	8.611	8.869	9.223	9.399	9.727	11.109
7.750	8.150	8.362	8.611	8.881	9.246	9.409	9.751	11.102
7.680	8.181	8.436	8.685	8.943	9.321	9.484	9.827	11.198
7.670	8.202	8.457	8.684	8.931	9.321	9.472	9.815	11.299
7.690	8.212	8.499	8.726	8.939	9.366	9.542	9.870	11.357
7.590	8.129	8.426	8.653	8.888	9.266	9.443	9.743	11.237
7.680	8.222	8.499	8.715	8.962	9.328	9.505	9.820	11.322
7.620	8.129	8.437	8.674	8.933	9.310	9.487	9.815	11.454
7.500	8.035	8.322	8.570	8.828	9.193	9.305	9.717	11.356
7.460	8.004	8.312	8.549	8.818	9.195	9.294	9.665	11.338
7.460	8.046	8.353	8.569	8.816	9.181	9.306	9.622	11.295
7.540	8.129	8.437	8.663	8.910	9.216	9.432	9.996	11.077
7.610	8.066	8.385	8.644	8.902	9.219	9.421	9.999	11.064
7.630	8.077	8.374	8.644	8.902	9.183	9.412	9.975	11.055
7.620	7.994	8.280	8.506	8.753	9.021	9.250	9.798	10.888
7.640	8.056	8.343	8.569	8.827	9.072	9.301	9.822	10.949
7.760	8.150	8.458	8.706	8.941	9.235	9.464	9.820	11.075
7.820	8.118	8.490	8.782	9.028	9.321	9.551	9.948	11.175
7.830	8.150	8.564	8.867	9.124	9.417	9.660	10.072	11.285
7.840	8.139	8.500	8.748	9.018	9.311	9.553	9.950	11.194
7.830	8.160	8.575	8.844	9.114	9.419	9.648	10.074	11.447
7.810	8.170	8.564	8.822	9.081	9.386	9.615	9.986	11.404
7.820	8.285	8.636	8.928	9.198	9.491	9.734	10.119	11.512
8.140	8.629	9.034	9.326	9.586	9.906	10.137	10.526	11.749
8.140	8.649	9.033	9.337	9.585	9.893	10.137	10.526	11.268
8.110	8.618	9.002	9.295	9.554	9.862	10.106	10.494	11.189
8.120	8.639	9.012	9.294	9.554	9.874	10.118	10.492	11.206
8.170	8.660	9.044	9.315	9.574	9.882	10.140	10.528	11.242
8.410	8.785	9.180	9.462	9.734	10.042	10.300	10.704	10.910
8.430	8.774	9.201	9.505	9.788	10.097	10.355	10.759	10.965
8.460	8.785	9.148	9.419	9.679	9.988	10.246	10.664	10.869
8.530	8.858	9.210	9.493	9.765	10.086	10.344	10.748	10.971
8.540	8.858	9.232	9.514	9.786	10.107	10.352	10.757	11.143
8.500	8.816	9.179	9.462	9.733	10.054	10.299	10.689	11.094
8.500	8.868	9.210	9.504	9.776	10.084	10.356	10.745	11.135
8.420	8.868	9.210	9.504	9.764	10.085	10.343	10.747	11.121
8.380	8.900	9.231	9.514	9.762	10.072	10.343	10.719	11.110
8.480	8.900	9.252	9.546	9.783	10.092	10.364	10.740	11.148
8.490	8.900	9.241	9.502	9.740	10.062	10.333	10.680	11.122
8.450	8.858	9.178	9.406	9.655	9.964	10.236	10.554	11.029
8.490	8.900	9.177	9.383	9.622	9.943	10.202	10.478	10.988
8.630	9.046	9.313	9.519	9.758	9.946	10.233	10.526	11.073
8.670	9.098	9.376	9.571	9.799	9.987	10.275	10.554	11.121
8.650	9.108	9.376	9.560	9.788	9.976	10.264	10.529	11.078
8.640	9.129	9.365	9.527	9.755	9.931	10.232	10.498	11.061
8.670	9.108	9.333	9.463	9.714	9.853	10.167	10.419	10.999
8.720	9.129	9.365	9.461	9.713	9.877	10.178	10.415	11.013
8.720	9.119	9.386	9.482	9.711	9.887	10.175	10.413	11.030
8.700	9.140	9.364	9.505	9.733	9.885	10.121	10.432	11.014
8.680	9.119	9.333	9.474	9.690	9.805	10.107	10.360	11.001
8.710	9.119	9.311	9.441	9.658	9.810	10.046	10.343	10.941
8.670	8.962	9.208	9.691	9.902	10.273	10.518	10.851	11.074
8.700	8.983	9.250	9.766	9.966	10.325	10.583	10.888	11.094
8.640	8.983	9.272	9.821	10.020	10.404	10.648	10.982	11.187
8.590	8.921	9.220	9.658	9.881	10.240	10.498	10.845	11.115
8.580	8.931	9.209	9.647	9.847	10.231	10.554	10.741	11.112
8.540	8.910	9.209	9.636	9.848	10.207	10.663	10.844	11.035
8.420	8.764	9.041	9.490	9.690	10.048	10.502	10.683	10.893
8.430	8.816	9.072	9.499	9.688	10.046	10.501	10.682	10.892
8.460	8.795	9.062	9.489	9.689	10.047	10.501	10.682	10.892
8.480	8.837	9.104	9.520	9.720	10.091	10.545	10.698	10.942
8.490	8.837	9.104	9.520	9.720	10.091	10.545	10.698	10.942
8.430	8.806	9.083	9.510	9.710	10.081	10.561	10.727	10.986
8.380	8.785	9.073	9.522	9.698	10.057	10.564	10.771	10.954
8.380	8.795	9.083	9.488	9.700	10.070	10.551	10.787	10.967
8.370	8.743	9.020	9.403	9.615	9.985	10.465	10.701	10.877
8.340	8.733	9.021	9.370	9.606	9.951	10.444	10.651	10.866
8.400	8.764	9.009	9.436	9.613	9.984	10.477	10.684	10.880
8.410	8.785	8.988	9.481	9.657	10.027	10.521	10.728	10.909
8.380	8.795	8.966	9.449	9.625	9.995	10.475	10.711	10.909
8.390	8.764	9.031	9.468	9.657	10.027	10.507	10.744	10.907
8.390	8.754	8.999	9.415	9.568	9.951	10.431	10.682	10.829
8.390	8.743	9.063	9.500	9.665	10.049	10.516	10.781	10.911
8.250	8.660	8.926	9.330	9.507	9.902	10.539	10.667	10.742
8.310	8.722	8.978	9.394	9.571	9.966	10.604	10.746	10.786
8.250	8.660	8.926	9.319	9.497	9.891	10.528	10.657	10.732
8.280	8.660	8.937	9.330	9.507	9.926	10.564	10.691	10.763
8.290	8.691	8.904	9.342	9.507	9.902	10.539	10.682	10.756
8.220	8.629	8.895	9.343	9.519	9.914	10.538	10.666	10.742
8.150	8.556	8.886	9.311	9.476	9.883	10.414	10.689	10.753
8.150	8.556	8.886	9.311	9.476	9.895	10.413	10.674	10.739
8.200	8.649	8.873	9.255	9.421	9.828	10.372	10.604	10.691
8.370	8.774	9.041	9.457	9.738	10.182	10.331	10.579	10.395
8.200	8.722	9.010	9.437	9.706	10.162	10.298	10.546	10.379
8.210	8.795	9.062	9.445	9.738	10.182	10.331	10.565	10.400
8.340	8.847	9.114	9.486	9.827	10.183	10.321	10.572	10.409
8.340	8.795	9.148	9.563	9.833	10.289	10.452	10.657	10.525
8.480	8.941	9.176	9.582	9.852	10.309	10.472	10.692	10.543
8.450	8.931	9.187	9.648	9.941	10.398	10.573	10.778	10.641
8.610	9.056	9.345	9.551	9.813	10.259	10.436	10.643	10.544
8.610	9.056	9.356	9.551	9.801	10.247	10.425	10.632	10.547
8.590	9.025	9.335	9.530	9.769	10.227	10.457	10.661	10.574
8.670	9.088	9.440	9.646	9.920	10.379	10.715	10.928	10.817
8.800	9.286	9.554	9.772	10.011	10.471	10.822	10.935	10.863
8.810	9.286	9.554	9.772	10.011	10.471	10.822	10.935	10.863
8.780	9.213	9.555	9.762	10.012	10.472	10.809	10.951	10.861
8.790	9.223	9.544	9.762	10.024	10.472	10.809	10.951	10.876
8.750	9.213	9.534	9.774	10.036	10.508	10.844	11.000	10.905
8.840	9.286	9.597	9.825	10.088	10.523	10.861	10.818	10.655
8.710	9.255	9.544	9.795	10.057	10.504	10.854	10.783	10.636
8.870	9.328	9.628	9.812	10.087	10.510	10.875	10.803	10.654
9.100	9.433	9.754	9.927	10.179	10.591	10.944	10.902	10.707
9.010	9.265	9.629	9.802	10.077	10.475	10.813	10.744	10.553
9.160	9.370	9.799	9.971	10.258	10.669	11.008	10.880	10.679
9.180	9.412	9.840	10.024	10.299	10.686	10.999	10.846	10.617
9.250	9.464	9.893	10.054	10.342	10.704	11.018	10.571	10.537
9.290	9.548	9.955	10.184	10.470	10.845	11.026	10.559	10.502
9.360	9.642	9.996	10.336	10.610	10.973	11.141	10.644	10.574
9.390	9.610	10.051	10.245	10.509	10.848	10.990	10.597	10.474
9.620	9.956	10.311	10.563	10.875	11.277	11.471	10.952	10.877
9.490	9.851	10.249	10.534	10.856	11.271	11.451	10.959	10.884
9.430	9.809	10.110	10.429	10.751	11.152	11.345	10.799	10.741
9.390	9.799	10.089	10.408	10.718	11.144	11.337	10.846	10.815
9.310	9.663	9.996	10.303	10.648	11.085	11.290	10.840	10.704
9.240	9.673	9.931	10.183	10.493	10.893	11.113	10.668	10.588
9.340	9.778	10.047	10.254	10.554	10.967	11.174	10.715	10.638
9.450	9.809	10.046	10.265	10.553	10.992	11.211	10.736	10.609
9.450	9.799	10.089	10.252	10.564	11.003	11.156	10.755	10.632
9.510	9.914	10.194	10.391	10.703	11.042	11.131	10.738	10.731
9.510	9.883	10.195	10.335	10.625	10.976	11.052	10.648	10.626
9.540	9.872	10.173	10.336	10.602	10.929	11.045	10.626	10.637
9.540	9.851	10.131	10.238	10.516	10.856	10.919	10.505	10.485
9.700	10.030	10.299	10.440	10.718	11.046	11.096	10.694	10.580
9.700	10.019	10.277	10.296	10.611	10.939	11.002	10.615	10.500
9.640	9.956	10.182	10.135	10.486	10.824	10.888	10.557	10.437
9.810	10.145	10.371	10.357	10.697	11.049	11.112	10.764	10.647
9.700	10.051	10.352	10.315	10.654	11.007	11.070	10.680	10.584
9.770	10.124	10.339	10.392	10.707	11.073	11.122	10.718	10.653
9.760	10.124	10.339	10.403	10.718	11.084	11.133	10.701	10.653
9.860	10.177	10.349	10.413	10.752	11.067	11.117	10.897	10.835
9.770	10.093	10.297	10.350	10.688	11.003	11.040	10.821	10.745
9.670	9.998	10.181	10.223	10.561	10.875	10.912	10.695	10.636
9.740	10.103	10.168	10.289	10.638	10.939	10.976	10.758	10.682
9.750	10.093	10.146	10.279	10.604	10.893	10.944	10.754	10.646
9.860	10.166	10.263	10.384	10.722	11.011	11.049	10.844	10.645
9.790	10.114	10.178	10.300	10.637	10.901	10.966	10.761	10.581
9.870	10.208	10.240	10.329	10.655	10.907	10.947	10.759	10.581
9.850	10.229	10.261	10.361	10.652	10.905	10.945	10.730	10.585
9.900	10.366	10.419	10.408	10.689	10.931	10.958	10.759	10.742
9.940	10.418	10.450	10.428	10.710	10.964	10.965	10.725	10.692
10.020	10.492	10.524	10.490	10.761	10.991	11.006	10.766	10.703
9.950	10.418	10.472	10.460	10.730	10.972	10.960	10.694	10.681
9.950	10.397	10.462	10.428	10.709	10.939	10.927	10.676	10.645
10.050	10.565	10.619	10.596	10.855	11.060	11.063	10.797	10.737
10.090	10.618	10.726	10.747	10.981	11.200	11.202	10.934	10.872
10.030	10.628	10.715	10.725	10.854	10.949	10.944	10.952	10.893
10.060	10.586	10.705	10.703	10.821	10.904	10.900	10.922	10.863
10.160	10.702	10.810	10.797	10.915	10.999	10.994	11.017	10.973
10.160	10.681	10.757	10.689	10.819	10.890	10.886	10.910	10.867
10.300	10.860	10.925	10.834	10.954	11.026	11.022	11.004	11.070
10.290	10.839	10.893	10.769	10.889	10.974	10.970	10.952	11.053
10.430	10.934	10.923	10.789	10.897	11.070	11.077	11.140	11.215
10.580	11.081	11.081	10.936	11.045	11.231	11.237	11.286	11.362
10.750	11.250	11.282	11.192	11.312	11.473	11.466	11.473	11.536
10.710	11.218	11.272	11.159	11.256	11.430	11.410	11.404	11.437
10.560	11.071	11.092	10.935	11.044	11.180	11.175	11.226	11.255
10.620	11.218	11.153	11.042	11.163	11.336	11.343	11.406	11.398
10.580	11.018	11.148	11.056	11.176	11.361	11.367	11.444	11.434
10.580	11.028	11.147	11.045	11.153	11.326	11.346	11.408	11.401
10.510	10.891	11.032	10.896	11.051	11.236	11.228	11.262	11.272
10.660	11.071	11.179	11.233	11.256	11.267	11.545	11.585	11.598
10.640	11.018	11.159	11.246	11.256	11.279	11.544	11.584	11.631
10.510	10.891	11.065	11.129	11.127	11.114	11.392	11.376	11.444
10.490	10.891	11.043	11.142	11.115	11.090	11.369	11.339	11.408
10.500	10.891	11.043	11.142	11.104	11.078	11.357	11.342	11.410
10.260	10.649	10.833	10.942	10.892	11.117	11.389	11.364	11.445
10.370	10.765	10.992	11.135	11.096	11.345	11.618	11.591	11.634
10.180	10.597	10.813	11.000	10.960	11.196	11.468	11.413	11.495
10.130	10.576	10.781	11.058	11.028	11.263	11.521	11.438	11.488
10.200	10.628	10.823	11.123	11.045	11.281	11.527	11.430	11.466
10.230	10.681	10.854	11.154	11.065	11.289	11.548	11.451	11.521
10.230	10.702	10.810	11.021	11.052	11.299	11.409	11.348	11.569
10.180	10.660	10.746	10.980	11.058	11.316	11.439	11.389	11.623
10.170	10.628	10.725	11.004	11.069	11.327	11.463	11.398	11.667
10.220	10.734	10.809	11.077	11.154	11.425	11.534	11.484	11.755
10.310	10.818	10.893	11.094	11.184	11.469	11.604	11.538	11.809
10.350	10.870	10.957	11.157	11.248	11.520	11.642	11.577	11.849
10.490	10.912	10.934	11.091	11.158	11.393	11.477	11.460	11.975
10.460	11.092	11.070	11.238	11.306	11.542	11.612	11.582	12.084
10.540	11.123	11.112	11.303	11.371	11.606	11.690	11.658	12.142
10.480	11.081	11.038	11.218	11.285	11.533	11.604	11.558	12.062
10.530	11.028	11.093	11.193	11.238	11.475	11.546	11.487	11.957
10.440	11.007	11.191	11.279	11.347	11.583	11.667	11.636	12.109
10.260	10.881	11.173	11.259	11.363	11.610	11.640	11.668	12.120
10.090	10.776	10.959	11.035	11.139	11.374	11.417	11.431	11.929
10.200	10.849	11.033	11.087	11.179	11.427	11.470	11.470	11.973
10.460	11.092	11.297	11.295	11.401	11.662	11.705	11.690	12.200
10.490	11.113	11.275	11.363	11.467	11.627	11.753	11.823	12.205
10.440	11.092	11.243	11.230	11.360	11.532	11.672	11.784	12.118
10.420	11.081	11.211	11.254	11.312	11.473	11.614	11.713	12.051
10.420	11.081	11.244	11.253	11.299	11.461	11.615	11.699	12.054
10.590	11.334	11.475	11.530	11.575	11.725	11.880	11.965	12.325
10.440	11.302	11.476	11.429	11.464	11.602	11.745	11.846	12.171
10.720	11.218	11.337	11.336	11.371	11.520	11.649	11.765	12.087
11.010	11.345	11.388	11.376	11.424	11.586	11.728	11.872	12.175
11.030	11.366	11.377	11.365	11.377	11.541	11.683	11.813	12.153
11.120	11.429	11.397	11.363	11.400	11.550	11.679	11.839	12.142
11.090	11.461	11.461	11.472	11.484	11.647	11.776	11.907	12.228
11.000	11.334	11.345	11.379	11.390	11.540	11.669	11.785	12.088
11.010	11.345	11.377	11.377	11.389	11.539	11.668	11.784	11.914
10.890	11.260	11.282	11.259	11.271	11.409	11.538	11.655	11.788
10.880	11.260	11.239	11.273	11.284	11.459	11.587	11.746	11.874
10.780	11.134	11.101	11.102	11.137	11.274	11.416	11.545	11.709
10.920	11.260	11.184	11.219	11.242	11.405	11.533	11.677	11.805
10.900	11.229	11.120	11.144	11.156	11.319	11.446	11.591	11.736
10.900	11.250	11.152	11.210	11.221	11.371	11.499	11.644	11.789
10.860	11.197	11.154	11.222	11.220	11.370	11.499	11.643	11.770
10.770	11.102	11.102	11.203	11.213	11.375	11.502	11.660	11.787
10.800	11.081	11.081	11.204	11.214	11.363	11.490	11.649	11.774
10.770	11.060	11.060	11.206	11.226	11.375	11.516	11.673	11.799
10.640	10.955	10.911	11.035	11.033	11.157	11.298	11.471	11.613
10.630	10.976	10.922	11.045	11.031	11.156	11.310	11.468	11.594
10.630	10.976	10.911	11.012	11.022	11.146	11.301	11.487	11.629
10.560	10.870	10.784	10.785	10.844	10.967	11.134	11.290	11.450
10.760	11.071	10.952	10.975	11.011	11.135	11.290	11.462	11.639
10.810	11.071	10.930	10.898	10.947	11.071	11.225	11.412	11.606
10.810	11.071	10.930	10.898	10.947	11.071	11.225	11.412	11.606
11.080	11.250	11.109	11.100	11.148	11.285	11.440	11.597	11.811
11.110	11.271	11.152	11.153	11.189	11.339	11.494	11.666	11.879
11.130	11.260	11.087	11.089	11.137	11.262	11.430	11.602	11.849
11.030	11.155	10.971	10.984	11.032	11.169	11.323	11.509	11.737
11.050	11.092	10.940	10.942	11.002	11.138	11.292	11.463	11.690
11.100	11.123	10.961	10.963	11.035	11.170	11.325	11.496	11.723
11.100	11.134	10.928	10.920	10.968	11.104	11.259	11.416	11.644
11.190	11.250	11.098	11.134	11.169	11.319	11.473	11.616	11.829
11.060	11.155	11.003	11.072	11.131	11.267	11.434	11.576	11.773
11.010	11.071	10.930	10.988	11.034	11.170	11.351	11.492	11.688
10.870	10.923	10.912	10.991	11.025	11.173	11.353	11.479	11.676
10.920	10.955	10.868	10.903	10.938	11.061	11.242	11.370	11.585
10.860	10.923	10.880	10.914	10.925	11.062	11.229	11.357	11.591
10.820	10.870	10.816	10.851	10.874	11.010	11.204	11.315	11.549
10.720	10.944	10.868	10.925	10.936	11.073	11.267	11.379	11.611
10.710	10.944	10.890	10.924	10.936	11.072	11.253	11.380	11.616
10.510	10.818	10.785	10.808	10.878	11.013	11.180	11.307	11.556
10.570	10.891	10.881	10.903	10.962	11.097	11.278	11.404	11.671
10.600	10.965	10.900	10.901	10.960	11.096	11.277	11.403	11.672
10.540	10.923	10.869	10.814	10.874	10.998	11.192	11.318	11.584
10.650	10.986	10.889	10.857	10.893	11.042	11.236	11.362	11.647
10.630	10.965	10.889	10.857	10.881	11.031	11.225	11.322	11.625
10.560	10.891	10.773	10.707	10.732	10.907	11.086	11.198	11.516
10.560	10.828	10.828	10.873	10.884	10.945	11.141	11.255	11.557
10.580	10.807	10.829	10.851	10.839	10.888	11.085	11.200	11.536
10.580	10.807	10.883	10.860	10.860	10.897	11.107	11.207	11.527
10.640	10.912	10.912	10.968	10.979	11.053	11.143	11.305	11.567
10.740	11.018	11.029	11.118	11.116	11.190	11.267	11.431	11.626
10.820	11.123	11.123	11.213	11.211	11.285	11.375	11.510	11.707
10.790	11.123	11.134	11.257	11.267	11.328	11.405	11.540	11.741
10.790	11.123	11.134	11.280	11.300	11.374	11.450	11.585	11.767
10.790	11.113	11.124	11.280	11.289	11.362	11.425	11.561	11.746
10.800	11.092	11.124	11.213	11.235	11.309	11.385	11.506	11.706
10.790	11.144	11.144	11.301	11.298	11.359	11.450	11.599	11.779
10.840	11.144	11.166	11.244	11.325	11.385	11.461	11.639	11.820
10.850	11.155	11.112	11.213	11.259	11.306	11.397	11.546	11.779
10.800	11.102	11.070	11.126	11.196	11.256	11.333	11.496	11.709
10.810	11.092	11.070	11.126	11.208	11.268	11.344	11.507	11.739
10.840	11.134	11.069	11.159	11.241	11.325	11.401	11.578	11.774
10.820	11.134	11.101	11.191	11.284	11.344	11.433	11.610	11.807
10.750	11.028	10.996	11.075	11.168	11.240	11.328	11.519	11.717
10.720	10.997	10.953	10.976	11.071	11.130	11.206	11.398	11.630
10.720	10.997	10.932	10.933	11.027	11.100	11.189	11.379	11.642
10.720	11.007	10.921	10.944	11.027	11.099	11.188	11.379	11.642
10.750	11.039	10.985	10.997	11.091	11.164	11.253	11.443	11.707
10.580	10.870	10.849	10.860	10.966	11.038	11.127	11.345	11.588
10.580	10.881	10.881	10.914	11.008	11.080	11.169	11.387	11.648
10.540	10.849	10.860	10.871	10.977	11.049	11.151	11.368	11.645
10.560	10.839	10.893	10.914	11.032	11.103	11.191	11.424	11.686
10.520	10.818	10.893	10.915	11.020	11.079	11.195	11.427	11.688
10.500	10.797	10.829	10.873	10.967	11.051	11.152	11.355	11.651
10.590	10.891	10.913	10.969	11.062	11.134	11.236	11.454	11.732
10.620	10.955	10.922	10.990	11.083	11.155	11.283	11.602	11.958
10.610	10.934	10.890	10.936	11.041	11.138	11.279	11.610	11.999
10.650	10.986	10.965	11.021	11.102	11.187	11.316	11.620	11.996
10.650	10.997	10.986	11.042	11.124	11.234	11.361	11.665	12.061
10.670	10.986	10.975	10.987	11.057	11.168	11.283	11.587	11.998
10.720	11.060	11.017	11.096	11.165	11.275	11.390	11.651	12.064
10.800	11.176	11.154	11.199	11.258	11.369	11.484	11.746	12.147
10.820	11.176	11.133	11.144	11.203	11.315	11.430	11.692	12.110
10.850	11.218	11.121	11.144	11.203	11.302	11.431	11.707	12.142
10.940	11.271	11.206	11.151	11.282	11.355	11.470	11.748	12.184
10.920	11.260	11.206	11.128	11.260	11.345	11.461	11.753	12.171
10.900	11.250	11.185	11.107	11.215	11.301	11.430	11.751	12.203
10.860	11.229	11.196	11.129	11.249	11.334	11.477	11.782	12.251
10.940	11.281	11.195	11.151	11.282	11.367	11.510	11.800	12.273
10.960	11.313	11.226	11.149	11.269	11.355	11.484	11.775	12.239
10.950	11.302	11.237	11.115	11.248	11.346	11.528	11.715	12.183
10.970	11.334	11.258	11.170	11.266	11.353	11.496	11.758	12.222
10.970	11.281	11.238	11.127	11.259	11.319	11.436	11.699	12.145
10.990	11.302	11.227	11.160	11.257	11.343	11.459	11.751	12.178
11.000	11.239	11.207	11.106	11.203	11.302	11.417	11.738	12.197
11.140	11.397	11.332	11.277	11.373	11.472	11.588	11.895	12.341
11.300	11.609	11.478	11.413	11.510	11.596	11.713	12.007	12.455
11.430	11.714	11.617	11.517	11.602	11.690	11.807	12.103	12.572
11.620	11.852	11.732	11.644	11.718	11.805	11.923	12.220	12.690
11.610	11.894	11.753	11.631	11.705	11.793	11.898	12.181	12.653
11.610	11.862	11.732	11.621	11.695	11.771	11.889	12.142	12.615
11.710	11.979	11.815	11.671	11.723	11.799	11.918	12.157	12.652
11.710	11.968	11.827	11.671	11.722	11.812	11.930	12.169	12.664
11.690	11.947	11.827	11.705	11.756	11.845	11.977	12.200	12.696
11.630	11.905	11.796	11.685	11.735	11.824	11.956	12.164	12.644
11.610	11.915	11.806	11.707	11.769	11.844	11.976	12.200	12.678
11.570	11.852	11.743	11.666	11.715	11.816	11.948	12.155	12.617
11.650	11.936	11.806	11.672	11.771	11.871	12.003	12.254	12.699
11.590	11.873	11.721	11.588	11.698	11.785	11.944	12.194	12.668
11.520	11.873	11.710	11.566	11.677	11.789	11.933	12.168	12.680
11.530	11.894	11.753	11.653	11.763	11.888	12.032	12.281	12.777
11.560	11.884	11.764	11.687	11.784	11.909	12.053	12.318	12.797
11.570	11.884	11.807	11.707	11.829	11.941	12.084	12.335	12.831
11.470	11.788	11.734	11.678	11.799	11.910	11.973	12.241	12.739
11.470	11.809	11.690	11.669	11.753	11.878	11.954	12.192	12.709
11.460	11.799	11.690	11.624	11.733	11.845	11.907	12.146	12.681
11.480	11.831	11.700	11.646	11.743	11.855	11.917	12.171	12.705
11.500	11.820	11.722	11.724	11.784	11.883	11.947	12.157	12.695
11.480	11.799	11.701	11.680	11.728	11.829	11.879	12.090	12.627
11.470	11.788	11.690	11.658	11.695	11.796	11.859	12.070	12.588
11.540	11.852	11.732	11.745	11.793	11.893	11.943	12.169	12.709
11.550	11.862	11.732	11.745	11.793	11.868	11.932	12.144	12.682
11.540	11.862	11.786	11.765	11.801	11.889	11.953	12.150	12.650
11.680	12.010	11.902	11.892	11.916	12.018	12.068	12.266	12.749
11.690	12.010	11.891	11.870	11.883	11.972	12.036	12.234	12.754
11.690	12.021	11.977	11.967	11.991	12.067	12.132	12.316	12.803
11.670	12.042	11.999	11.988	12.024	12.100	12.165	12.363	12.834
11.650	12.032	11.955	11.934	11.923	12.000	11.998	12.333	12.831
11.580	11.947	11.914	11.768	11.843	11.906	11.917	12.310	12.840
11.770	12.106	12.062	12.063	11.991	12.070	12.068	12.465	12.980
11.790	12.116	12.084	12.061	12.014	12.105	12.117	12.527	13.043
11.740	12.095	12.052	12.063	12.028	12.130	12.141	12.596	13.110
11.500	11.841	11.732	11.745	11.722	11.748	11.841	12.261	12.783
11.490	11.809	11.690	11.703	11.644	11.645	11.754	12.173	12.678
11.820	12.148	12.039	12.052	11.992	11.994	12.090	12.514	13.009
11.800	12.148	12.050	12.018	11.995	11.996	12.105	12.513	12.992
11.760	12.138	12.072	12.073	12.014	12.041	12.136	12.545	13.025
11.670	12.032	11.966	11.967	11.908	11.922	12.031	12.423	12.900
11.690	11.979	11.957	11.878	11.832	11.847	11.956	12.347	12.839
11.580	11.852	11.765	11.743	11.697	11.698	11.780	12.171	12.680
11.620	11.894	11.796	11.752	11.718	11.707	11.802	12.193	12.702
11.470	11.735	11.649	11.627	11.592	11.581	11.689	12.108	12.632
11.500	11.778	11.680	11.693	11.657	11.646	11.754	12.173	12.696
11.340	11.651	11.542	11.510	11.499	11.513	11.606	12.053	12.520
11.050	11.556	11.469	11.481	11.505	11.530	11.609	12.069	12.547
11.170	11.524	11.459	11.426	11.463	11.500	11.592	12.081	12.575
11.180	11.514	11.459	11.438	11.474	11.498	11.591	12.080	12.575
11.300	11.630	11.543	11.567	11.578	11.603	11.696	12.157	12.620
11.410	11.725	11.605	11.540	11.613	11.637	11.729	12.176	12.640
11.300	11.514	11.416	11.384	11.432	11.469	11.561	12.049	12.507
11.280	11.503	11.416	11.395	11.443	11.480	11.572	12.045	12.524
11.300	11.429	11.202	11.137	11.211	11.235	11.326	11.811	12.318
11.020	11.144	11.079	11.159	11.335	11.392	11.521	12.032	12.552
10.740	10.934	10.847	11.038	11.212	11.319	11.471	11.919	12.442
10.510	10.744	10.712	10.880	11.125	11.229	11.447	11.816	12.340
10.690	10.881	10.773	10.964	11.198	11.328	11.559	11.898	12.341
10.720	10.955	10.965	11.077	11.288	11.407	11.640	11.951	12.201
10.670	10.891	10.967	11.067	11.254	11.424	11.602	11.915	12.497
10.580	10.797	10.807	10.930	11.117	11.299	11.489	11.829	12.286
10.640	10.923	10.977	11.144	11.330	11.512	11.690	12.018	12.331
10.620	10.912	10.967	11.134	11.308	11.490	11.681	12.008	12.302
10.660	10.934	10.966	11.122	11.297	11.466	11.658	11.985	12.299
10.710	10.976	10.954	11.100	11.263	11.395	11.561	11.905	12.233
10.550	10.744	10.809	10.920	11.024	11.144	11.311	11.625	11.971
10.250	10.460	10.536	10.657	10.772	10.917	11.108	11.404	11.761
10.190	10.408	10.472	10.616	10.766	10.910	11.114	11.408	11.768
10.070	10.303	10.389	10.544	10.681	10.837	11.040	11.319	11.664
10.080	10.292	10.400	10.554	10.692	10.836	11.052	11.331	11.672
9.970	10.135	10.253	10.352	10.548	10.678	10.881	11.173	11.511
9.920	10.135	10.264	10.418	10.614	10.756	10.971	11.248	11.587
9.940	10.166	10.295	10.472	10.667	10.834	11.076	11.337	11.695
9.830	10.072	10.179	10.400	10.525	10.767	11.007	11.237	11.610
9.650	9.788	9.939	10.103	10.310	10.476	10.715	10.945	11.333
9.770	9.904	10.022	10.187	10.370	10.537	10.777	11.008	11.397
9.840	9.988	10.149	10.280	10.488	10.654	10.882	11.085	11.461
9.860	10.051	10.180	10.311	10.496	10.663	10.904	11.093	11.488
9.800	10.009	10.181	10.301	10.473	10.641	10.895	11.083	11.458
9.770	9.988	10.160	10.313	10.485	10.665	10.905	11.051	11.448
9.780	9.977	10.149	10.303	10.451	10.631	10.885	11.045	11.223
9.760	9.946	10.085	10.228	10.377	10.557	10.811	10.998	11.158
9.780	9.998	10.149	10.280	10.429	10.609	10.863	11.051	11.194
9.760	9.998	10.181	10.323	10.449	10.617	10.871	11.046	11.191
9.750	10.030	10.245	10.442	10.567	10.735	10.990	11.121	11.253
9.620	9.893	10.119	10.261	10.351	10.668	10.920	11.133	11.271
9.480	9.757	9.940	10.104	10.240	10.518	10.783	11.038	11.187
9.480	9.747	9.918	10.083	10.231	10.521	10.785	11.025	11.178
9.220	9.757	9.929	10.115	10.228	10.531	10.809	11.020	11.189
9.460	9.694	9.834	10.031	10.179	10.481	10.758	11.011	11.177
9.530	9.705	9.887	9.985	10.204	10.530	10.766	11.048	11.248
9.400	9.548	9.762	9.926	10.166	10.467	10.716	10.997	11.177
9.400	9.548	9.751	9.893	10.157	10.445	10.694	10.975	11.190
9.400	9.558	9.826	9.923	10.141	10.418	10.654	10.937	11.121
9.470	9.621	9.717	9.860	10.102	10.365	10.601	10.870	11.054
9.500	9.652	9.749	9.936	10.153	10.405	10.642	10.897	11.082
9.520	9.684	9.791	10.033	10.250	10.527	10.750	11.048	11.181
9.460	9.621	9.771	9.991	10.208	10.496	10.719	10.988	11.171
9.340	9.579	9.740	9.959	10.176	10.452	10.688	10.957	11.139
9.260	9.506	9.666	9.875	10.068	10.369	10.604	10.858	11.039
9.290	9.516	9.688	9.907	10.100	10.401	10.637	10.876	11.058
9.340	9.558	9.708	9.983	10.164	10.440	10.677	10.945	11.113
9.210	9.453	9.636	9.855	10.025	10.338	10.586	10.839	11.022
9.260	9.495	9.677	9.941	10.122	10.423	10.671	10.939	11.122
9.120	9.338	9.520	9.750	9.920	10.245	10.505	10.799	10.977
9.130	9.317	9.435	9.699	9.891	10.203	10.476	10.783	10.958
9.140	9.286	9.425	9.733	9.878	10.203	10.463	10.770	10.947
9.160	9.317	9.489	9.785	9.930	10.243	10.504	10.798	10.976
9.100	9.213	9.405	9.668	9.825	10.137	10.398	10.719	10.928
8.940	9.150	9.386	9.681	9.826	10.138	10.411	10.732	10.957
8.870	9.202	9.331	9.638	9.806	10.155	10.427	10.733	10.960
8.980	9.265	9.479	9.786	9.908	10.233	10.507	10.800	11.043
8.890	9.202	9.459	9.788	9.932	10.257	10.544	10.864	11.107
8.970	9.202	9.577	9.949	10.093	10.430	10.704	11.011	11.257
8.830	8.952	9.347	9.718	9.873	10.221	10.506	10.811	11.070
8.840	8.921	9.284	9.644	9.892	10.238	10.522	10.840	11.130
8.820	8.952	9.283	9.577	9.814	10.198	10.456	10.774	11.073
8.800	8.973	9.283	9.632	9.857	10.266	10.523	10.869	11.169
8.680	8.900	9.199	9.548	9.773	10.181	10.464	10.823	11.136
8.700	8.931	9.209	9.569	9.794	10.215	10.497	10.842	11.170
8.740	9.004	9.271	9.688	9.923	10.307	10.591	10.937	11.266
8.460	8.743	9.053	9.479	9.714	10.096	10.378	10.722	11.066
8.540	8.837	9.147	9.551	9.798	10.193	10.476	10.834	11.196
8.370	8.722	9.096	9.533	9.767	10.174	10.470	10.813	11.208
8.400	8.712	9.064	9.468	9.714	10.109	10.404	10.747	11.108
8.280	8.649	9.033	9.514	9.736	10.130	10.426	10.754	11.100
8.280	8.649	9.044	9.502	9.737	10.131	10.413	10.742	11.088
8.340	8.670	9.086	9.534	9.768	10.150	10.433	10.777	11.107
8.210	8.524	8.919	9.421	9.631	10.037	10.318	10.618	10.982
8.010	8.316	8.688	9.234	9.489	9.905	10.198	10.537	10.928
8.070	8.389	8.761	9.363	9.652	10.081	10.400	10.752	11.158
7.870	8.222	8.637	9.259	9.594	10.021	10.352	10.703	11.124
7.790	8.150	8.511	9.133	9.433	9.872	10.202	10.566	11.002
7.950	8.181	8.553	9.186	9.486	9.925	10.269	10.647	11.083
8.010	8.285	8.636	9.258	9.571	10.010	10.354	10.691	11.130
8.110	8.379	8.730	9.187	9.525	9.965	10.191	10.589	11.013
8.140	8.420	8.835	9.315	9.676	10.129	10.355	10.739	11.167
8.140	8.472	8.845	9.292	9.653	10.106	10.346	10.715	11.143
8.130	8.399	8.783	9.218	9.579	10.044	10.283	10.652	11.060
8.140	8.441	8.824	9.260	9.610	10.075	10.327	10.653	11.066
8.070	8.379	8.762	9.219	9.534	9.986	10.226	10.553	10.968
7.980	8.285	8.678	9.157	9.483	9.960	10.211	10.564	10.992
7.960	8.202	8.627	9.094	9.431	9.907	10.172	10.538	10.980
8.060	8.306	8.710	9.233	9.570	9.911	10.192	10.604	11.083
8.060	8.243	8.658	9.181	9.529	9.857	10.164	10.504	10.969
8.080	8.295	8.763	9.286	9.658	10.011	10.317	10.643	11.127
8.070	8.379	8.826	9.426	9.774	10.140	10.460	10.757	11.261
7.840	8.150	8.596	9.184	9.555	9.944	10.249	10.530	11.029
7.770	8.087	8.565	9.175	9.580	10.018	10.334	10.670	11.167
7.690	8.025	8.503	9.146	9.515	9.940	10.283	10.575	11.056
7.720	8.098	8.586	9.252	9.586	9.988	10.319	10.528	10.996
7.750	8.139	8.618	9.294	9.652	10.016	10.348	10.558	10.977
7.780	8.160	8.638	9.271	9.617	9.995	10.287	10.541	10.946
7.810	8.170	8.638	9.271	9.629	10.018	10.310	10.592	10.994
7.790	8.098	8.565	9.175	9.580	9.956	10.274	10.568	10.982
7.840	8.098	8.608	9.229	9.668	10.056	10.361	10.669	11.084
7.800	8.077	8.587	9.197	9.636	10.036	10.327	10.594	11.025
7.790	8.077	8.587	9.208	9.682	10.045	10.349	10.573	11.010
7.800	8.025	8.545	9.210	9.625	10.026	10.330	10.539	10.975
7.770	7.973	8.515	9.201	9.604	10.004	10.308	10.531	10.967
7.710	7.900	8.410	9.041	9.479	9.853	10.183	10.377	10.844
7.760	7.931	8.462	9.071	9.533	9.895	10.212	10.379	10.817
7.800	7.973	8.472	9.048	9.522	9.884	10.201	10.368	10.791
7.740	7.952	8.419	8.973	9.447	9.809	10.113	10.294	10.714
7.730	7.962	8.419	8.984	9.458	9.820	10.111	10.292	10.697
7.750	7.983	8.450	9.016	9.502	9.888	10.191	10.400	10.803
7.760	8.004	8.461	9.048	9.557	9.931	10.248	10.427	10.832
7.710	7.983	8.408	8.962	9.448	9.835	10.151	10.316	10.735
7.710	7.983	8.397	8.974	9.459	9.833	10.150	10.330	10.733
7.730	8.014	8.450	9.016	9.501	9.876	10.192	10.386	10.821
7.770	8.046	8.428	9.005	9.468	9.842	10.172	10.380	10.816
7.750	8.025	8.418	8.995	9.457	9.832	10.174	10.396	10.863
7.730	7.994	8.408	8.995	9.446	9.845	10.187	10.422	10.907
7.660	7.879	8.314	8.978	9.428	9.826	10.181	10.373	10.874
7.750	7.973	8.387	8.985	9.413	9.812	10.167	10.346	10.848
7.810	8.014	8.418	9.039	9.420	9.820	10.189	10.367	10.852
7.790	8.004	8.429	9.027	9.409	9.796	10.179	10.357	10.841
7.870	8.129	8.533	9.143	9.513	9.902	10.219	10.415	10.835
7.870	8.160	8.606	9.217	9.610	9.999	10.330	10.497	10.917
7.930	8.222	8.680	9.302	9.672	10.061	10.380	10.491	10.884
8.020	8.274	8.775	9.374	9.780	10.170	10.489	10.599	10.977
7.950	8.202	8.723	9.300	9.729	10.118	10.449	10.587	10.979
7.920	8.139	8.660	9.215	9.597	9.987	10.318	10.457	10.862
7.970	8.191	8.744	9.321	9.704	10.093	10.412	10.566	10.954
7.970	8.191	8.734	9.322	9.716	10.080	10.413	10.580	10.953
7.930	8.170	8.713	9.334	9.704	10.094	10.425	10.578	10.985
7.940	8.139	8.639	9.194	9.646	10.034	10.365	10.531	10.951
7.980	8.202	8.670	9.214	9.643	10.019	10.364	10.516	10.938
7.960	8.170	8.617	9.117	9.593	9.981	10.338	10.474	10.898
7.950	8.181	8.659	9.204	9.668	10.056	10.400	10.522	10.947
7.930	8.150	8.617	9.151	9.579	9.956	10.313	10.422	10.847
7.990	8.212	8.680	9.224	9.642	9.994	10.352	10.434	10.845
7.990	8.212	8.691	9.224	9.653	10.005	10.363	10.431	10.860
8.030	8.264	8.743	9.299	9.705	10.057	10.416	10.470	10.901
7.930	8.170	8.606	9.118	9.547	9.911	10.268	10.336	10.783
8.050	8.306	8.721	9.244	9.639	10.016	10.387	10.454	10.887
8.010	8.264	8.711	9.245	9.651	10.028	10.412	10.478	10.909
8.040	8.264	8.711	9.245	9.628	10.017	10.388	10.455	10.904
8.050	8.295	8.699	9.234	9.628	10.006	10.324	10.450	10.898
8.050	8.285	8.764	9.286	9.693	10.083	10.414	10.539	10.987
8.030	8.254	8.690	9.157	9.576	9.977	10.308	10.531	10.988
8.000	8.191	8.648	9.083	9.489	9.891	10.248	10.470	10.943
8.010	8.202	8.659	9.104	9.511	9.900	10.257	10.480	10.952
8.060	8.254	8.668	9.092	9.499	9.889	10.246	10.482	10.970
8.050	8.243	8.669	9.103	9.534	9.935	10.279	10.515	10.987
7.970	8.160	8.617	9.095	9.513	9.902	10.272	10.635	11.100
7.910	8.098	8.576	9.054	9.460	9.873	10.255	10.589	11.054
7.880	8.066	8.523	9.001	9.430	9.842	10.225	10.586	11.050
7.930	8.108	8.533	9.022	9.440	9.840	10.236	10.597	11.060
7.850	8.025	8.407	8.863	9.292	9.704	10.098	10.458	10.935
7.890	8.087	8.491	8.936	9.412	9.823	10.231	10.591	11.070
7.830	8.035	8.417	8.863	9.315	9.726	10.134	10.507	10.967
7.850	8.025	8.418	8.874	9.302	9.727	10.147	10.520	10.996
7.880	8.077	8.470	8.937	9.331	9.768	10.163	10.537	10.980
7.880	8.108	8.533	9.000	9.418	9.843	10.212	10.574	11.000
7.810	8.025	8.428	8.895	9.335	9.747	10.116	10.462	10.888
7.780	7.983	8.376	8.821	9.249	9.649	10.017	10.364	10.772
7.860	8.056	8.470	8.915	9.344	9.720	10.089	10.508	10.931
7.760	7.994	8.365	8.843	9.260	9.635	9.990	10.437	10.876
7.810	8.046	8.460	8.938	9.355	9.743	10.085	10.505	10.929
7.850	8.056	8.438	8.927	9.321	9.722	10.090	10.509	10.950
7.900	8.098	8.459	9.003	9.362	9.763	10.119	10.553	10.995
7.890	8.077	8.470	8.948	9.365	9.765	10.108	10.528	10.968
7.840	8.014	8.386	8.864	9.258	9.658	10.013	10.417	10.875
7.900	8.056	8.406	8.896	9.266	9.655	10.023	10.414	10.854
7.860	8.004	8.365	8.854	9.282	9.694	10.062	10.465	10.922
7.880	8.046	8.396	8.885	9.291	9.715	10.083	10.515	10.973
7.870	8.056	8.396	8.896	9.278	9.691	10.059	10.520	10.960
7.940	8.160	8.596	9.063	9.458	9.871	10.241	10.646	11.091
7.830	8.056	8.513	8.969	9.363	9.776	10.145	10.564	11.024
7.770	7.994	8.376	8.843	9.236	9.661	10.029	10.460	10.934
7.750	7.952	8.323	8.768	9.185	9.621	10.001	10.446	10.934
7.870	8.066	8.449	8.905	9.288	9.749	10.157	10.630	11.120
7.870	8.077	8.374	8.798	9.054	9.504	9.899	10.614	11.092
7.870	8.077	8.363	8.787	9.309	9.487	9.884	10.603	11.083
7.440	7.651	7.916	8.371	8.843	9.349	9.803	10.395	10.948
7.640	7.817	8.156	8.601	9.028	9.536	9.979	10.575	11.234
7.960	8.139	8.532	9.011	9.486	9.973	10.406	10.994	11.653
7.810	8.046	8.577	9.076	9.551	10.013	10.474	11.135	11.845
7.490	7.859	8.400	8.953	9.497	9.968	10.414	11.250	11.968
7.750	8.160	8.745	9.267	9.778	10.265	10.713	11.452	12.199
7.810	8.150	8.703	9.257	9.780	10.266	10.715	11.423	12.153
8.120	8.399	8.879	9.501	10.024	10.513	10.963	11.661	12.382
8.100	8.337	8.837	9.382	9.929	10.454	10.903	11.599	12.337
8.070	8.295	8.763	9.297	9.809	10.346	10.821	11.515	12.253
8.220	8.441	8.910	9.400	9.948	10.486	10.949	11.615	12.339
8.240	8.493	8.983	9.496	10.009	10.561	11.037	11.690	12.382
8.180	8.483	8.909	9.411	9.947	10.498	10.974	11.610	12.283
8.230	8.503	8.962	9.452	10.012	10.576	11.039	11.676	12.370
8.590	8.868	9.349	9.875	10.413	10.981	11.461	12.090	12.759
8.540	8.827	9.329	9.854	10.381	10.973	11.453	12.081	12.806
8.500	8.785	9.298	9.834	10.336	10.929	11.436	12.078	12.799
8.500	8.774	9.266	9.813	10.339	10.931	11.438	12.049	12.812
8.620	8.879	9.349	9.919	10.469	11.100	11.621	12.247	13.013
8.600	8.868	9.349	9.930	10.480	11.098	11.619	12.231	12.998
8.680	8.952	9.454	10.036	10.586	11.193	11.715	12.329	13.082
8.630	8.900	9.391	9.984	10.534	11.152	11.687	12.315	13.082
8.610	8.868	9.328	9.909	10.447	11.040	11.575	12.201	12.968
8.490	8.722	9.203	9.805	10.319	10.885	11.419	12.044	12.807
8.460	8.712	9.203	9.816	10.330	10.909	11.429	12.024	12.789
8.450	8.691	9.150	9.808	10.344	10.910	11.430	12.055	12.823
8.430	8.660	9.161	9.808	10.344	10.935	11.455	12.095	12.858
8.410	8.639	9.119	9.788	10.347	10.912	11.446	12.055	12.819
8.360	8.597	9.077	9.734	10.270	10.861	11.393	12.031	12.794
8.290	8.524	8.993	9.639	10.174	10.764	11.309	11.960	12.719
8.240	8.462	8.867	9.490	10.072	10.672	11.229	11.863	12.617
8.260	8.462	8.867	9.479	10.049	10.662	11.232	11.850	12.624
8.120	8.316	8.742	9.309	9.890	10.502	11.056	11.687	12.474
8.060	8.326	8.656	9.279	9.848	10.484	11.051	11.666	12.472
8.070	8.316	8.635	9.258	9.757	10.368	10.949	11.563	12.216
8.230	8.472	8.845	9.447	9.946	10.485	10.961	11.598	12.207
8.210	8.472	8.834	9.436	10.006	10.569	11.044	11.710	12.371
8.190	8.483	8.813	9.415	9.949	10.525	11.027	11.662	12.306
8.020	8.316	8.646	9.313	9.858	10.482	10.996	11.642	12.283
7.990	8.264	8.668	9.291	9.824	10.385	10.887	11.549	12.225
8.080	8.347	8.837	9.448	9.983	10.533	11.050	11.729	12.351
8.060	8.358	8.794	9.450	10.008	10.570	11.086	11.750	12.337
8.030	8.347	8.784	9.417	9.916	10.467	10.983	11.677	12.376
8.090	8.420	8.793	9.593	10.126	10.689	11.193	11.859	12.468
8.020	8.399	9.189	9.688	10.225	10.777	11.283	11.938	12.535
7.810	8.222	9.043	9.719	10.229	10.781	11.273	11.942	12.500
7.680	8.108	8.949	9.580	10.125	10.714	11.217	11.868	12.368
7.450	7.807	8.167	9.250	9.812	10.419	10.917	11.560	12.091
7.550	7.921	8.452	9.392	9.956	10.553	11.053	11.655	12.224
7.580	7.962	8.579	9.542	10.106	10.717	11.204	11.868	12.401
7.520	7.890	8.516	9.512	10.052	10.650	11.043	11.635	12.124
7.540	7.931	8.611	9.574	10.091	10.703	11.096	11.630	12.141
7.520	7.900	8.548	9.566	10.130	10.728	11.094	11.642	12.099
7.430	7.796	8.359	9.386	9.973	10.556	10.934	11.525	11.997
7.390	7.744	8.338	9.421	9.995	10.566	10.944	11.535	12.026
7.240	7.578	8.108	9.134	9.742	10.310	10.687	11.274	11.793
7.090	7.381	7.931	8.944	9.574	10.116	10.492	11.091	11.624
7.090	7.402	7.867	8.869	9.464	10.018	10.407	11.019	11.553
7.050	7.402	7.889	8.902	9.485	10.027	10.403	11.001	11.520
7.200	7.527	8.141	9.199	9.807	10.363	10.767	11.339	11.841
6.910	7.288	7.986	9.076	9.694	10.273	10.675	11.216	11.718
6.710	7.071	7.747	8.944	9.630	10.244	10.644	11.240	11.717
6.690	7.009	7.568	8.753	9.449	10.062	10.501	11.122	11.614
6.630	6.936	7.474	8.669	9.353	9.965	10.403	11.052	11.593
6.580	6.864	7.444	8.594	9.266	9.878	10.302	10.922	11.449
6.600	6.916	7.506	8.680	9.375	9.962	10.387	11.008	11.518
6.630	6.978	7.600	8.807	9.527	10.115	10.540	11.134	11.645
6.600	6.936	7.516	8.723	9.419	10.018	10.443	11.065	11.575
6.560	6.895	7.454	8.693	9.399	9.974	10.399	11.093	11.499
6.540	6.864	7.423	8.650	9.345	9.907	10.305	10.868	11.398
6.540	6.864	7.465	8.682	9.388	9.925	10.311	10.890	11.405
6.560	6.885	7.528	8.745	9.487	10.049	10.435	10.941	11.461
6.540	6.874	7.496	8.735	9.442	10.004	10.390	10.984	11.479
6.540	6.864	7.507	8.735	9.442	10.004	10.403	10.982	11.478
6.570	6.916	7.570	8.831	9.539	10.089	10.475	11.056	11.537
6.510	6.771	7.393	8.553	9.318	9.854	10.252	10.756	11.269
6.570	6.843	7.455	8.660	9.355	9.967	10.365	10.898	11.428
6.570	6.812	7.339	8.511	9.240	9.826	10.249	10.824	11.366
6.560	6.812	7.350	8.544	9.238	9.836	10.247	10.793	11.334
6.580	6.854	7.497	8.714	9.397	9.984	10.396	10.945	11.473
6.530	6.792	7.445	8.639	9.322	9.921	10.319	10.853	11.381
6.540	6.792	7.434	8.640	9.323	9.922	10.346	10.893	11.404
6.480	6.730	7.319	8.502	9.196	9.781	10.205	10.765	11.292
6.470	6.740	7.319	8.512	9.207	9.804	10.228	10.788	11.349
6.430	6.678	7.236	8.406	9.135	9.719	10.142	10.715	11.291
6.450	6.668	7.236	8.363	9.056	9.641	10.077	10.635	11.226
6.350	6.585	7.100	8.171	8.945	9.528	9.962	10.547	11.134
6.400	6.606	7.184	8.255	8.960	9.569	10.004	10.589	11.178
6.430	6.626	7.195	8.255	8.948	9.545	9.980	10.551	11.142
6.450	6.668	7.236	8.308	8.978	9.563	9.999	10.571	11.164
6.500	6.750	7.351	8.445	9.128	9.702	10.138	10.698	11.275
6.490	6.730	7.393	8.488	9.067	9.653	10.091	10.665	11.224
6.490	6.750	7.330	8.424	9.084	9.657	10.107	10.666	11.226
6.580	6.792	7.382	8.488	9.136	9.698	10.148	10.694	11.255
6.570	6.823	7.476	8.561	9.233	9.820	10.257	10.804	11.386
6.540	6.781	7.445	8.540	9.201	9.787	10.225	10.771	11.352
6.530	6.802	7.561	8.591	9.275	9.850	10.301	10.863	11.412
6.490	6.771	7.488	8.517	9.201	9.787	10.238	10.784	11.311
6.360	6.606	7.216	8.221	8.904	9.475	9.950	10.521	11.076
6.530	6.781	7.466	8.452	9.124	9.711	10.161	10.721	11.264
6.520	6.823	7.529	8.515	9.176	9.738	10.190	10.736	11.264
6.490	6.740	7.446	8.387	9.060	9.633	10.083	10.643	11.185
6.520	6.761	7.403	8.312	9.007	9.580	10.030	10.574	11.133
6.530	6.761	7.424	8.322	9.006	9.579	10.029	10.574	11.131
6.500	6.740	7.425	8.300	9.008	9.605	10.055	10.613	11.170
6.520	6.761	7.435	8.321	9.029	9.639	10.088	10.647	11.130
6.500	6.740	7.404	8.268	8.975	9.573	10.035	10.593	11.055
6.520	6.771	7.424	8.289	8.996	9.606	10.056	10.628	11.072
6.540	6.812	7.476	8.385	9.093	9.691	10.154	10.713	11.159
6.540	6.802	7.498	8.406	9.126	9.724	10.174	10.719	11.163
6.540	6.792	7.466	8.397	9.081	9.680	10.130	10.689	11.118
6.500	6.750	7.456	8.354	8.957	9.556	10.006	10.579	11.010
6.500	6.750	7.361	8.258	8.966	9.563	10.012	10.569	10.997
6.560	6.812	7.413	8.289	9.020	9.617	10.053	10.612	11.040
6.660	6.926	7.559	8.436	9.133	9.584	10.037	10.599	11.012
6.620	6.916	7.474	8.395	9.092	9.579	10.031	10.635	10.994
6.650	6.947	7.527	8.426	9.099	9.563	10.015	10.635	10.994
6.660	6.967	7.569	8.457	9.131	9.607	10.046	10.667	11.027
6.630	6.957	7.601	8.511	9.173	9.662	10.101	10.737	11.096
6.610	6.885	7.412	8.376	9.037	9.524	9.963	10.595	10.986
6.640	6.947	7.590	8.555	9.148	9.613	10.053	10.688	11.049
6.660	6.967	7.685	8.683	9.288	9.741	10.182	10.805	11.167
6.650	6.957	7.675	8.684	9.276	9.742	10.183	10.806	11.091
6.640	6.947	7.664	8.684	9.288	9.729	10.170	10.793	11.094
6.570	6.916	7.623	8.653	9.280	9.733	10.173	10.796	11.096
6.590	6.967	7.791	8.866	9.494	9.960	10.389	11.000	11.286
6.380	6.792	7.635	8.775	9.401	9.866	10.280	10.847	11.136
6.370	6.771	7.572	8.723	9.337	9.801	10.228	10.793	11.064
6.340	6.730	7.541	8.691	9.305	9.769	10.196	10.746	11.051
6.270	6.647	7.416	8.565	9.190	9.653	10.079	10.656	10.975
6.360	6.740	7.594	8.711	9.349	9.813	10.240	10.805	11.109
6.280	6.688	7.521	8.616	9.218	9.670	10.096	10.646	10.934
6.280	6.699	7.521	8.604	9.207	9.646	10.060	10.610	10.866
6.270	6.699	7.500	8.583	9.209	9.648	10.061	10.611	10.885
6.260	6.719	7.626	8.710	9.337	9.776	10.191	10.728	10.984
6.160	6.626	7.554	8.604	9.265	9.703	10.117	10.653	10.910
6.220	6.678	7.648	8.699	9.337	9.776	10.178	10.686	10.963
6.200	6.709	7.648	8.710	9.359	9.799	10.200	10.694	10.954
6.240	6.709	7.605	8.634	9.226	9.666	10.067	10.575	10.836
6.240	6.709	7.584	8.613	9.228	9.692	10.092	10.614	10.875
6.230	6.740	7.636	8.721	9.312	9.789	10.177	10.686	10.931
6.230	6.730	7.637	8.710	9.266	9.756	10.157	10.694	10.937
6.240	6.761	7.647	8.720	9.288	9.778	10.179	10.716	10.978
6.260	6.750	7.530	8.614	9.182	9.684	10.084	10.605	10.900
6.240	6.699	7.478	8.595	9.162	9.663	10.050	10.600	10.911
6.230	6.709	7.521	8.593	9.173	9.649	10.036	10.572	10.867
6.200	6.647	7.427	8.532	9.099	9.575	9.988	10.508	10.865
6.200	6.657	7.479	8.573	9.152	9.629	10.055	10.561	10.937
6.160	6.626	7.416	8.499	9.078	9.566	9.992	10.511	10.867
6.170	6.626	7.448	8.531	9.110	9.598	10.024	10.558	10.930
6.170	6.606	7.417	8.510	9.077	9.553	9.992	10.526	10.898
6.170	6.595	7.332	8.448	9.003	9.478	9.917	10.478	10.848
6.190	6.606	7.322	8.426	8.993	9.468	9.906	10.453	10.842
6.230	6.647	7.395	8.511	9.089	9.565	9.991	10.553	10.942
6.200	6.575	7.354	8.480	9.081	9.556	9.995	10.571	10.974
6.200	6.544	7.249	8.418	9.030	9.517	9.955	10.529	10.931
6.210	6.564	7.270	8.439	9.052	9.538	9.976	10.537	10.940
6.190	6.544	7.249	8.418	9.019	9.518	9.955	10.515	10.900
6.180	6.513	7.228	8.409	9.009	9.483	9.921	10.452	10.841
6.170	6.492	7.260	8.408	8.915	9.403	9.841	10.401	10.804
6.210	6.523	7.207	8.321	8.910	9.409	9.833	10.393	10.795
6.210	6.513	7.175	8.257	8.857	9.356	9.792	10.351	10.770
6.230	6.544	7.217	8.310	8.911	9.434	9.871	10.415	10.838
6.210	6.523	7.165	8.257	8.858	9.405	9.828	10.357	10.779
6.220	6.513	7.175	8.235	8.812	9.336	9.772	10.330	10.768
6.210	6.533	7.196	8.267	8.856	9.392	9.828	10.386	10.805
6.200	6.482	7.123	8.182	8.771	9.318	9.754	10.311	10.747
6.200	6.471	7.113	8.172	8.784	9.318	9.767	10.323	10.759
6.210	6.492	7.123	8.171	8.783	9.318	9.754	10.339	10.790
6.200	6.523	7.270	8.374	9.021	9.483	9.921	10.495	10.931
6.130	6.420	7.103	8.206	8.852	9.325	9.774	10.360	10.811
6.160	6.451	7.082	8.173	8.808	9.293	9.729	10.329	10.814
6.210	6.492	7.207	8.289	8.924	9.410	9.860	10.461	10.948
6.160	6.513	7.260	8.374	8.998	9.460	9.911	10.514	10.966
6.100	6.430	7.156	8.269	8.893	9.354	9.804	10.405	10.873
6.090	6.410	7.114	8.205	8.817	9.266	9.728	10.314	10.799
6.120	6.471	7.250	8.353	8.954	9.379	9.843	10.432	10.900
6.120	6.471	7.187	8.290	8.890	9.315	9.779	10.366	10.850
6.130	6.482	7.144	8.236	8.837	9.274	9.737	10.324	10.825
6.140	6.471	7.155	8.214	8.815	9.252	9.715	10.316	10.816
6.150	6.492	7.207	8.278	8.867	9.280	9.757	10.344	10.861
6.140	6.471	7.176	8.257	8.846	9.259	9.736	10.308	10.845
6.140	6.461	7.187	8.257	8.846	9.259	9.736	10.308	10.829
6.180	6.471	7.208	8.289	8.843	9.245	9.735	10.308	10.848
6.140	6.482	7.123	8.182	8.760	9.173	9.649	10.206	10.761
6.170	6.492	7.112	8.161	8.727	9.152	9.628	10.185	10.755
6.190	6.502	7.197	8.245	8.777	9.191	9.693	10.251	10.806
6.190	6.440	7.124	8.161	8.704	9.129	9.618	10.189	10.740
6.250	6.544	7.217	8.222	8.777	9.215	9.705	10.277	10.828
6.220	6.554	7.217	8.211	8.789	9.215	9.692	10.278	10.847
6.180	6.502	7.123	8.116	8.660	9.097	9.573	10.172	10.756
6.760	7.091	7.757	8.778	9.360	9.789	10.271	10.866	11.481
6.740	7.060	7.715	8.725	9.307	9.748	10.203	10.797	11.397
6.720	7.029	7.642	8.651	9.256	9.684	10.151	10.730	11.326
6.710	7.009	7.653	8.640	9.244	9.660	10.128	10.722	11.316
6.770	7.071	7.651	8.661	9.266	9.682	10.150	10.729	11.322
6.850	7.133	7.671	8.660	9.242	9.658	10.126	10.706	11.318
6.970	7.267	7.817	8.796	9.379	9.808	10.278	10.888	11.485
6.970	7.205	7.755	8.722	9.316	9.745	10.214	10.808	11.422
6.980	7.195	7.702	8.658	9.240	9.682	10.136	10.731	11.345
7.050	7.278	7.859	8.794	9.377	9.795	10.264	10.861	11.459
7.000	7.226	7.797	8.742	9.313	9.731	10.200	10.809	11.374
7.050	7.247	7.849	8.817	9.411	9.829	10.298	10.909	11.493
7.040	7.226	7.786	8.764	9.370	9.799	10.268	10.878	11.478
7.060	7.226	7.754	8.733	9.338	9.767	10.249	10.844	11.442
7.130	7.309	7.880	8.892	9.487	9.929	10.399	11.010	11.630
7.060	7.236	7.786	8.819	9.402	9.843	10.299	10.939	11.537
7.090	7.257	7.775	8.676	9.364	9.829	10.284	10.922	11.537
7.090	7.247	7.733	8.612	9.311	9.764	10.231	10.868	11.484
7.150	7.288	7.848	8.706	9.395	9.848	10.316	10.984	11.599
7.440	7.599	8.150	8.757	9.356	9.825	10.282	10.981	11.597
7.480	7.661	8.287	8.795	9.489	9.945	10.416	11.116	11.751
7.470	7.641	8.192	8.700	9.416	9.909	10.365	11.020	11.637
7.560	7.703	8.222	8.698	9.415	9.896	10.379	10.975	11.594
7.560	7.703	8.169	8.591	9.284	9.765	10.247	10.856	11.490
7.630	7.776	8.274	8.662	9.392	9.860	10.343	10.954	11.590
7.690	7.838	8.294	8.672	9.390	9.859	10.355	10.879	11.536
8.040	8.191	8.712	9.069	9.815	10.299	10.786	11.329	11.997
8.090	8.222	8.765	9.166	9.876	10.361	10.863	11.407	12.075
8.080	8.243	8.754	9.155	9.877	10.362	10.863	11.393	12.078
8.040	8.191	8.648	9.006	9.739	10.223	10.709	11.267	11.968
8.094	8.221	8.669	8.976	9.700	10.170	10.677	11.243	11.944
8.124	8.229	8.647	8.940	9.636	10.103	10.612	11.196	11.900
8.272	8.346	8.730	8.989	9.695	10.162	10.679	11.348	12.054
8.366	8.494	8.974	9.160	9.886	10.353	10.860	11.531	12.274
8.439	8.574	8.981	9.169	9.847	10.313	10.829	11.479	12.241
8.736	8.876	9.312	9.436	10.133	10.599	11.119	11.803	12.589
8.737	8.883	9.414	9.599	10.318	10.792	11.293	11.977	12.757
8.649	8.828	9.354	9.548	10.267	10.745	11.248	11.883	12.689
8.674	8.784	9.259	9.360	10.077	10.568	11.083	11.759	12.577
8.776	8.868	9.316	9.369	10.073	10.585	11.112	11.819	12.654
8.773	8.851	9.280	9.290	9.961	10.489	11.016	11.745	12.615
8.865	8.913	9.290	9.254	9.891	10.445	10.997	11.727	12.631
8.986	9.009	9.509	9.525	10.208	10.758	11.263	11.989	12.860
8.908	8.934	9.402	9.440	10.073	10.618	11.164	11.936	12.838
9.050	9.094	9.625	9.680	10.306	10.839	11.385	12.123	12.999
8.961	9.013	9.520	9.559	10.152	10.646	11.155	11.867	12.699
9.004	9.044	9.516	9.571	10.170	10.624	11.136	11.833	12.639
9.057	9.079	9.542	9.615	10.145	10.608	11.110	11.810	12.407
9.165	9.216	9.818	9.905	10.411	10.873	11.334	11.998	12.482
9.154	9.341	9.714	10.013	10.481	10.932	11.393	12.080	12.568
9.217	9.421	9.857	10.152	10.666	11.143	11.600	12.305	12.685
9.159	9.365	9.723	10.025	10.527	11.010	11.212	11.919	12.309
9.114	9.310	9.608	9.856	10.362	10.835	11.046	11.735	12.142
9.110	9.317	9.640	9.868	10.378	10.852	11.066	11.779	12.193
9.099	9.316	9.692	9.960	10.464	10.930	11.152	11.859	12.294
9.234	9.445	9.761	10.047	10.516	10.989	11.219	11.899	12.351
9.070	9.265	9.583	9.856	10.294	10.757	11.000	11.680	12.146
9.103	9.353	9.749	9.978	10.410	10.881	11.121	11.806	12.265
8.930	9.172	9.524	9.750	10.180	10.656	10.897	11.563	12.005
8.841	9.046	9.411	9.586	9.991	10.459	10.715	10.946	11.414
8.828	9.042	9.423	9.563	9.979	10.434	10.708	10.932	11.404
8.817	9.042	9.420	9.583	9.965	10.423	10.691	10.935	11.396
8.582	8.773	9.066	9.198	9.554	9.980	10.257	10.500	10.817
8.705	8.904	9.265	9.354	9.708	10.121	10.387	10.627	10.948
8.943	9.142	9.480	9.566	9.930	10.340	10.610	10.869	11.176
8.994	9.214	9.560	9.665	10.036	10.448	10.696	10.955	11.281
9.135	9.375	9.769	9.882	10.252	10.659	10.896	11.135	11.458
9.000	9.233	9.605	9.724	10.079	10.462	10.697	10.933	11.232
9.030	9.262	9.673	9.805	10.188	10.565	10.662	10.892	11.048
9.004	9.213	9.605	9.682	10.068	10.433	10.517	10.756	10.914
8.993	9.213	9.586	9.647	10.027	10.380	10.461	10.697	10.854
9.033	9.239	9.634	9.708	10.079	10.422	10.501	10.706	10.875
8.929	9.134	9.464	9.518	9.831	10.230	10.370	10.712	10.487
8.967	9.174	9.543	9.571	9.925	10.316	10.437	10.799	10.563
8.816	9.006	9.342	9.358	9.696	10.108	10.033	10.626	10.234
8.946	9.153	9.481	9.504	9.839	10.238	10.171	10.767	10.387
9.024	9.215	9.518	9.553	9.865	10.233	10.156	10.735	10.361
9.165	9.348	9.682	9.687	9.964	10.334	10.244	10.850	10.462
9.236	9.432	9.766	9.834	10.131	10.513	10.412	11.046	10.635
9.257	9.445	9.788	9.830	10.153	10.569	10.470	11.088	10.694
9.162	9.347	9.600	9.612	9.924	10.356	10.268	10.917	10.526
9.319	9.515	9.748	9.731	10.039	10.470	10.388	11.086	10.379
9.383	9.576	9.854	9.859	10.220	10.660	10.594	11.256	10.521
9.330	9.509	9.765	9.757	10.106	10.546	10.504	11.160	10.443
9.277	9.454	9.742	9.720	10.085	10.522	10.465	11.117	10.404
9.400	9.587	9.871	9.870	10.180	10.619	10.550	11.191	10.466
9.332	9.538	9.778	9.755	10.068	10.501	10.416	11.085	10.361
9.366	9.569	9.842	9.824	10.142	10.563	10.478	11.127	10.389
9.484	9.692	9.940	9.891	10.216	10.658	10.574	10.956	10.548
9.543	9.766	10.038	9.982	10.308	10.757	10.683	11.076	10.682
9.210	9.452	9.797	9.961	10.300	10.765	10.706	11.070	10.675
9.163	9.415	9.741	9.918	10.262	10.720	10.663	11.056	10.649
9.148	9.420	9.798	10.031	10.392	10.879	10.822	11.196	10.783
9.238	9.479	9.876	10.110	10.498	10.998	10.955	11.320	10.903
8.951	9.183	9.643	9.908	10.337	10.845	10.798	11.130	10.730
8.814	9.026	9.383	9.711	10.103	10.592	10.548	10.902	10.530
8.927	9.172	9.641	9.983	10.377	10.869	10.810	11.230	10.859
8.898	9.155	9.575	9.943	10.359	10.844	10.655	10.999	10.666
8.811	9.075	9.470	9.836	10.246	10.730	10.550	10.907	10.578
8.859	9.107	9.433	9.783	10.192	10.673	10.505	10.853	10.528
8.842	9.085	9.396	9.709	10.127	10.616	10.453	10.844	10.517
8.719	8.943	9.264	9.552	9.988	10.486	10.330	10.759	10.398
8.887	9.089	9.389	9.652	10.084	10.557	10.401	10.842	10.491
9.070	9.280	9.554	9.839	10.271	10.763	10.611	11.072	10.728
9.150	9.394	9.630	9.911	10.343	10.827	10.680	11.133	10.809
9.002	9.281	9.574	9.901	10.349	10.858	10.715	11.144	10.773
8.914	9.229	9.529	9.861	10.310	10.847	10.720	11.123	10.754
8.927	9.208	9.532	9.886	10.323	10.844	10.714	11.138	10.776
8.714	9.010	9.411	9.869	10.296	10.792	10.595	11.066	10.695
8.683	8.982	9.395	9.850	10.229	10.655	10.426	10.889	10.431
8.628	8.914	9.344	9.820	10.176	10.595	10.363	10.765	10.348
8.633	8.920	9.342	9.810	10.188	10.606	10.371	10.792	10.320
8.633	8.920	9.318	9.749	10.137	10.588	10.363	10.795	10.341
8.639	8.937	9.345	9.715	10.131	10.593	10.361	10.788	10.356
8.660	8.969	9.456	9.894	10.358	10.835	10.614	11.064	10.592
8.654	8.952	9.437	9.875	10.321	10.800	10.586	11.022	10.552
8.647	8.945	9.426	9.860	10.311	10.771	10.559	10.985	10.503
8.628	8.934	9.426	9.854	10.292	10.763	10.552	10.954	10.459
8.551	8.856	9.367	9.856	10.318	10.794	10.581	10.992	10.455
8.488	8.790	9.352	9.879	10.348	10.836	10.621	11.028	10.485
8.410	8.719	9.263	9.834	10.308	10.802	10.571	10.968	10.427
8.372	8.683	9.225	9.769	10.235	10.735	10.506	10.919	10.378
8.366	8.658	9.141	9.651	10.130	10.613	10.385	10.784	10.264
8.359	8.676	9.273	9.786	10.332	10.815	10.592	11.023	10.450
8.361	8.681	9.243	9.789	10.308	10.816	10.600	11.023	10.440
8.265	8.572	9.094	9.649	10.139	10.665	10.466	10.865	10.308
8.281	8.607	9.092	9.678	10.197	10.738	10.511	10.905	10.336
8.209	8.528	8.998	9.571	10.089	10.632	10.414	10.810	10.233
8.190	8.501	8.978	9.503	10.025	10.549	10.321	10.738	10.179
8.194	8.506	8.995	9.510	10.032	10.534	10.314	10.725	10.184
8.182	8.460	8.924	9.373	9.901	10.415	10.207	10.622	10.129
8.195	8.484	8.925	9.351	9.850	10.352	10.150	10.564	10.084
8.209	8.499	8.968	9.404	9.893	10.390	10.171	10.588	10.112
8.182	8.470	8.948	9.368	9.851	10.342	10.126	10.532	10.071
8.172	8.460	8.916	9.333	9.818	10.329	10.114	10.521	10.064
8.176	8.474	8.921	9.355	9.839	10.346	10.148	10.577	10.123
8.201	8.489	8.966	9.432	9.915	10.438	10.240	10.677	10.229
8.163	8.469	8.923	9.371	9.856	10.384	10.188	10.613	10.188
8.187	8.480	8.952	9.308	9.770	10.283	10.115	10.539	10.138
8.194	8.475	8.856	9.260	9.694	10.202	10.033	10.462	10.068
8.152	8.445	8.849	9.238	9.673	10.184	10.005	10.426	10.030
8.087	8.447	8.831	9.212	9.638	10.167	9.991	10.395	10.011
8.108	8.425	8.772	9.160	9.605	10.151	9.962	10.353	9.977
8.109	8.415	8.766	9.160	9.601	10.140	9.948	10.350	9.977
8.100	8.388	8.717	9.108	9.538	10.087	9.915	10.307	9.951
8.078	8.387	8.676	9.027	9.444	9.974	9.806	10.200	9.863
8.131	8.393	8.703	9.045	9.446	9.968	9.797	10.204	9.873
8.168	8.415	8.723	9.078	9.481	10.008	9.844	10.230	9.908
8.169	8.426	8.717	9.067	9.471	10.000	9.843	10.239	9.914
8.203	8.470	8.858	9.281	9.713	10.288	10.127	10.525	10.155
8.177	8.443	8.819	9.227	9.670	10.237	10.091	10.475	10.098
8.141	8.435	8.828	9.256	9.711	10.281	10.135	10.494	10.112
8.101	8.383	8.760	9.172	9.624	10.190	10.051	10.413	10.033
8.083	8.360	8.771	9.144	9.618	10.206	10.062	10.406	10.023
8.041	8.318	8.760	9.230	9.719	10.345	10.200	10.548	10.134
7.942	8.200	8.571	9.032	9.561	10.185	10.063	10.419	9.996
7.916	8.180	8.564	9.031	9.517	10.122	9.995	10.352	9.960
7.885	8.150	8.527	8.954	9.438	10.032	9.895	10.262	9.889
7.828	8.090	8.444	8.882	9.370	9.985	9.840	10.196	9.819
7.812	8.079	8.472	8.893	9.395	10.010	9.861	10.224	9.837
7.807	8.055	8.427	8.840	9.374	10.013	9.863	10.105	9.753
7.824	8.060	8.438	8.859	9.349	9.945	9.796	10.155	9.787
7.819	8.050	8.424	8.816	9.288	9.877	9.741	10.094	9.746
7.843	8.085	8.435	8.808	9.256	9.830	9.689	10.053	9.709
7.874	8.127	8.485	8.874	9.327	9.895	9.751	10.107	9.763
7.855	8.112	8.497	8.877	9.328	9.905	9.752	10.110	9.761
7.878	8.094	8.500	8.900	9.357	9.939	9.787	10.158	9.802
7.887	8.115	8.494	8.904	9.370	9.960	9.812	10.178	9.817
7.890	8.131	8.541	8.971	9.437	10.037	9.887	10.249	9.869
7.869	8.063	8.480	8.876	9.348	9.920	9.816	10.186	9.786
7.870	8.084	8.492	8.897	9.367	9.939	9.824	10.185	9.788
7.863	8.093	8.524	8.924	9.406	9.998	9.871	10.223	9.800
7.845	8.066	8.457	8.847	9.302	9.870	9.749	10.106	9.699
7.860	8.101	8.519	8.907	9.408	9.997	9.856	10.214	9.788
7.841	8.068	8.463	8.849	9.334	9.921	9.781	10.139	9.720
7.833	8.054	8.440	8.807	9.290	9.878	9.750	10.110	9.711
7.856	8.085	8.478	8.867	9.357	9.938	9.811	10.180	9.757
7.854	8.059	8.443	8.833	9.312	9.898	9.776	10.145	9.746
7.864	8.085	8.415	8.809	9.265	9.830	9.705	10.083	9.713
7.867	8.113	8.430	8.767	9.190	9.756	9.636	10.028	9.694
8.049	8.266	8.697	9.090	9.520	10.028	9.905	10.350	10.002
8.050	8.286	8.652	9.008	9.452	10.027	9.901	10.316	9.971
8.060	8.270	8.656	9.034	9.459	10.023	9.904	10.287	9.954
8.060	8.300	8.645	8.993	9.419	9.962	9.845	10.208	9.885
8.089	8.331	8.669	9.005	9.419	9.949	9.831	10.207	9.893
8.101	8.344	8.709	9.036	9.439	9.981	9.858	10.253	9.928
8.070	8.303	8.641	8.962	9.358	9.897	9.774	10.155	9.841
8.105	8.334	8.689	8.986	9.374	9.909	9.780	10.175	9.848
8.143	8.375	8.697	8.991	9.367	9.897	9.769	10.147	9.829
8.153	8.387	8.718	9.014	9.380	9.901	9.766	10.127	9.805
8.174	8.398	8.743	8.984	9.342	9.871	9.726	10.095	9.779
8.109	8.353	8.684	8.922	9.269	9.788	9.645	10.020	9.708
8.006	8.224	8.555	8.781	9.131	9.649	9.500	9.881	9.574
7.977	8.207	8.544	8.732	9.090	9.599	9.455	9.839	9.556
7.978	8.198	8.540	8.760	9.121	9.636	9.493	9.872	9.585
7.897	8.118	8.448	8.675	9.039	9.573	9.435	9.837	9.548
7.840	8.050	8.378	8.595	8.951	9.457	9.328	9.719	9.454
7.844	8.059	8.376	8.630	8.983	9.502	9.360	9.767	9.469
7.844	8.070	8.427	8.686	9.031	9.534	9.387	9.766	9.441
7.824	8.062	8.509	8.800	9.166	9.676	9.523	9.905	9.534
7.315	7.522	7.911	8.216	8.593	9.090	8.941	9.319	8.974
7.463	7.681	8.127	8.456	8.852	9.374	9.225	9.604	9.256
7.484	7.694	8.129	8.521	8.936	9.460	9.319	9.675	9.324
7.399	7.617	8.036	8.464	8.912	9.454	9.316	9.683	9.320
7.388	7.595	7.966	8.375	8.832	9.385	9.240	9.638	9.284
7.390	7.609	8.054	8.508	8.970	9.543	9.397	9.789	9.420
7.301	7.507	7.891	8.287	8.730	9.297	9.160	9.554	9.181
7.244	7.452	7.829	8.205	8.654	9.204	9.066	9.478	9.103
7.128	7.318	7.696	8.038	8.494	9.056	8.912	9.324	8.971
7.058	7.266	7.630	7.978	8.423	8.988	8.855	9.275	8.929
7.033	7.237	7.577	7.899	8.350	8.936	8.797	9.214	8.909
7.138	7.330	7.665	7.959	8.388	8.936	8.806	9.212	8.919
6.544	6.699	6.950	7.774	8.421	8.980	8.841	9.257	8.957
6.584	6.751	7.025	7.918	8.572	9.145	9.012	9.436	9.111
6.222	6.308	6.566	7.060	7.868	8.390	8.541	8.996	9.038
6.223	6.308	6.565	7.086	7.900	8.427	8.580	9.040	9.088
6.460	6.558	6.792	7.330	8.163	8.680	8.836	9.266	9.314
6.226	6.310	6.541	7.384	8.205	8.714	8.874	9.294	9.348
6.003	6.081	6.311	7.132	7.943	8.447	8.608	9.034	9.096
6.070	6.162	6.424	7.278	8.062	8.563	8.722	9.142	9.206
6.128	6.234	6.481	7.344	8.130	8.638	8.794	9.197	9.268
6.003	6.118	6.392	7.241	8.156	8.645	8.798	9.192	9.241
5.797	5.904	6.182	7.027	7.932	8.415	8.569	8.948	8.995
5.969	6.096	6.341	7.170	8.081	8.565	8.714	9.094	9.145
6.026	6.153	6.399	7.229	8.141	8.625	8.774	9.154	9.205
6.024	6.154	6.412	7.258	8.168	8.667	8.816	9.173	9.220
6.081	6.216	6.474	7.323	8.234	8.732	8.881	9.237	9.284
6.215	6.342	6.592	7.410	8.358	8.859	9.007	9.375	9.420
6.034	6.156	6.406	7.223	8.169	8.668	8.815	9.182	9.227
5.821	5.937	6.186	7.079	8.056	8.550	8.699	8.969	9.104
5.876	5.982	6.197	7.088	8.005	8.504	8.673	8.969	9.125
5.889	6.006	6.236	7.130	8.035	8.536	8.710	9.004	9.151
5.905	6.022	6.264	7.167	8.080	8.581	8.760	9.053	9.195
5.689	5.790	5.993	6.830	7.963	8.228	8.699	8.972	9.120
5.644	5.744	5.962	6.788	7.909	8.191	8.649	8.936	9.107
5.749	5.852	6.102	6.966	8.085	8.361	8.846	9.125	9.269
4.903	4.993	5.230	6.722	7.832	8.090	8.578	8.833	8.993
5.145	5.210	5.306	6.654	7.752	7.995	8.474	8.754	8.942
5.160	5.236	5.354	6.650	7.720	7.920	8.340	8.644	8.834
5.226	5.325	5.463	6.780	7.811	8.008	8.436	8.718	8.921
5.425	5.519	5.552	6.854	7.894	8.086	8.516	8.787	8.979
5.432	5.556	5.584	6.882	7.917	8.113	8.543	8.797	8.970
5.461	5.576	5.625	6.924	7.945	8.113	8.537	8.791	8.957
5.452	5.588	5.609	6.896	7.893	8.067	8.477	8.743	8.902
5.520	5.637	5.695	6.999	8.013	8.174	8.585	8.816	8.949
5.503	5.577	5.593	6.873	7.879	8.150	8.433	8.685	8.835
5.568	5.645	5.679	6.963	7.957	8.260	8.529	8.803	8.962
5.590	5.676	5.667	6.923	7.915	8.171	8.438	8.714	8.875
5.680	5.769	5.809	7.064	8.053	8.325	8.565	8.820	8.949
5.554	5.630	5.629	6.900	7.863	8.100	8.336	8.599	8.725
5.636	5.714	5.737	7.009	7.972	8.215	8.448	8.711	8.835
5.636	5.715	5.732	7.001	7.976	8.216	8.451	8.714	8.831
5.657	5.736	5.737	6.975	7.978	8.239	8.486	8.802	8.945
5.688	5.769	5.790	6.997	7.969	8.240	8.511	8.820	8.988
5.717	5.766	5.782	6.994	7.947	8.191	8.461	8.751	8.920
5.829	5.892	5.918	7.144	8.071	8.329	8.605	8.888	9.069
5.769	5.832	5.831	7.046	7.992	8.271	8.560	8.852	9.031
5.688	5.738	5.746	6.897	7.864	8.131	8.432	8.651	8.935
5.681	5.747	5.760	6.934	7.859	8.113	8.403	8.637	8.914
5.658	5.713	5.714	6.937	7.872	8.141	8.431	8.683	8.941
6.073	6.183	6.234	6.467	7.051	7.517	7.868	8.432	9.079
6.217	6.321	6.332	6.572	7.151	7.603	7.947	8.522	9.182
6.177	6.279	6.330	6.514	7.073	7.505	7.848	8.422	9.103
6.127	6.248	6.304	6.540	7.119	7.560	7.893	8.453	9.106
6.065	6.163	6.223	6.448	7.018	7.448	7.781	8.354	9.013
5.570	5.675	5.864	6.621	7.181	7.595	7.926	8.488	8.917
5.476	5.590	5.784	6.589	7.168	7.583	7.905	8.452	8.862
5.421	5.532	5.726	6.629	7.240	7.666	7.989	8.528	8.915
5.242	5.348	5.560	6.471	7.114	7.556	7.899	8.460	8.851
5.072	5.173	5.389	6.284	6.933	7.392	7.735	8.316	8.741
5.213	5.329	5.523	6.431	7.088	7.548	7.901	8.481	8.632
5.173	5.298	5.514	6.618	7.138	7.477	7.827	8.204	8.187
5.219	5.334	5.556	6.634	7.137	7.471	7.821	8.191	8.181
5.434	5.566	5.834	6.955	7.454	7.809	8.135	8.501	8.468
5.208	5.375	5.706	6.870	7.385	7.733	8.084	8.455	8.406
5.139	5.326	5.602	6.762	7.315	7.672	8.016	8.399	8.361
5.157	5.372	5.611	6.738	7.279	7.654	8.008	8.377	8.362
5.295	5.464	5.744	6.855	7.415	7.783	8.154	8.531	8.522
5.326	5.517	5.769	6.885	7.435	7.808	8.183	8.571	8.569
5.309	5.510	5.792	6.912	7.483	7.882	8.304	8.687	8.707
5.320	5.501	5.771	6.904	7.485	7.877	8.267	8.688	8.691
5.268	5.438	5.713	6.869	7.493	7.889	8.286	8.689	8.692
5.282	5.441	5.729	6.894	7.507	7.904	8.292	8.677	8.675
5.920	6.108	6.230	6.762	7.104	7.500	7.803	7.970	8.422
5.924	6.102	6.214	6.570	7.070	7.476	7.773	7.943	8.408
5.737	5.920	6.013	6.183	7.224	7.605	7.902	8.087	8.573
5.758	5.941	6.063	6.261	7.331	7.730	8.022	8.209	8.609
5.770	5.965	6.120	6.397	7.553	8.019	8.330	8.511	8.902
5.674	5.863	5.951	6.272	7.412	7.850	8.168	8.351	8.725
5.486	5.680	5.790	6.214	7.356	7.793	8.113	8.286	8.651
5.562	5.760	5.921	6.345	7.496	7.970	8.295	8.460	8.814
5.525	5.718	5.888	6.430	7.647	8.153	8.468	8.633	8.980
5.381	5.570	5.687	6.189	7.402	7.886	8.096	8.264	8.639
5.436	5.618	5.813	6.217	7.419	7.914	8.130	8.303	8.533
5.354	5.535	5.728	6.436	6.922	7.373	7.745	8.070	8.453
5.374	5.571	5.739	6.431	6.936	7.400	7.774	8.116	8.498
5.486	5.670	5.859	6.627	7.168	7.619	8.011	8.324	8.680
5.513	5.695	5.811	6.588	7.254	7.724	8.013	8.597	9.430
5.358	5.531	5.601	6.353	6.977	7.420	7.697	8.310	9.106
5.321	5.536	5.695	6.454	7.037	7.478	7.744	8.384	9.203
5.296	5.531	5.686	6.473	7.054	7.498	7.734	8.389	9.138
5.422	5.639	5.750	6.469	7.040	7.467	7.697	8.357	9.141
5.516	5.757	5.915	6.732	7.327	7.716	7.948	8.650	9.374
5.684	5.911	6.070	6.839	7.457	7.791	8.014	8.695	9.419
5.625	5.859	6.000	6.734	7.342	7.696	7.929	8.600	9.301
5.724	5.961	6.093	6.823	7.428	7.778	8.016	8.695	9.452
5.764	6.022	6.175	6.940	7.556	7.904	8.147	8.829	9.540
5.737	5.984	6.123	6.891	7.513	7.925	8.192	8.892	9.612
5.779	6.028	6.189	7.028	7.699	8.072	8.376	9.075	9.792
5.662	5.908	5.982	6.846	7.546	7.911	8.192	8.956	9.258
5.893	6.069	6.363	6.769	7.346	7.918	8.457	9.000	9.288
5.866	6.051	6.319	6.777	7.292	7.840	8.344	8.898	9.171
5.924	6.099	6.378	6.747	7.247	7.804	8.299	8.850	9.137
6.145	6.328	6.641	7.044	7.516	8.014	8.450	8.912	9.206
6.013	6.204	6.532	7.006	7.474	7.972	8.412	8.834	9.075
5.820	5.984	6.348	6.816	7.273	7.780	8.205	8.619	8.849
5.825	5.961	6.354	6.856	7.308	7.831	8.247	8.658	8.889
5.829	5.977	6.321	6.784	7.252	7.776	8.200	8.610	8.842
5.808	5.959	6.337	6.840	7.321	7.831	8.265	8.666	8.881
5.701	5.861	6.171	6.678	7.095	7.596	8.031	8.414	8.665
5.689	5.849	6.092	6.698	7.128	7.659	8.089	8.456	8.704
5.691	5.853	6.203	6.713	7.124	7.660	8.077	8.448	8.698
5.649	5.832	6.224	6.756	7.218	7.785	8.213	8.594	8.810
5.475	5.627	6.021	6.537	7.003	7.570	8.001	8.380	8.619
5.413	5.576	5.906	6.366	6.826	7.376	7.820	8.205	8.478
5.449	5.612	5.890	6.246	6.685	7.219	7.663	8.054	8.386
5.592	5.759	6.046	6.428	6.903	7.432	7.887	8.280	8.615
5.855	6.028	6.283	6.633	7.081	7.620	8.075	8.481	8.758
5.888	6.042	6.294	6.608	7.026	7.550	7.993	8.406	8.707
5.900	6.075	6.353	6.699	7.134	7.611	8.108	8.483	8.768
5.957	6.115	6.371	6.672	7.073	7.551	8.039	8.467	8.764
5.902	6.066	6.317	6.590	6.997	7.481	7.973	8.420	8.739
5.735	5.883	6.131	6.621	7.020	7.502	7.992	8.449	8.778
5.742	5.901	6.165	6.664	7.023	7.484	7.949	8.374	8.672
5.741	5.891	6.155	6.680	7.029	7.481	7.941	8.363	8.636
5.729	5.889	6.182	6.710	7.062	7.517	7.974	8.376	8.620
5.678	5.865	6.117	6.635	7.005	7.479	7.957	8.370	8.649
5.677	5.844	6.106	6.629	6.998	7.464	7.934	8.351	8.628
5.605	5.771	6.036	6.539	6.887	7.346	7.805	8.205	8.481
5.657	5.825	6.138	6.586	6.921	7.371	7.808	8.205	8.474
5.645	5.803	6.088	6.474	6.790	7.232	7.676	8.083	8.370
5.709	5.870	6.170	6.593	6.918	7.369	7.818	8.224	8.521
5.655	5.813	6.069	6.407	6.724	7.175	7.626	8.031	8.340
5.622	5.778	6.032	6.366	6.689	7.143	7.591	8.004	8.308
5.617	5.774	6.036	6.387	6.721	7.188	7.647	8.074	8.370
5.543	5.720	6.037	6.487	6.859	7.344	7.816	8.246	8.504
5.400	5.572	5.880	6.317	6.685	7.162	7.630	8.059	8.330
5.331	5.498	5.823	6.290	6.672	7.167	7.646	8.083	8.355
5.255	5.432	5.754	6.209	6.584	7.069	7.539	7.991	8.278
5.316	5.485	5.817	6.289	6.676	7.169	7.655	8.100	8.395
5.317	5.486	5.814	6.290	6.655	7.137	7.622	8.045	8.379
5.394	5.566	5.894	6.354	6.732	7.220	7.632	8.073	8.443
5.395	5.568	5.917	6.417	6.813	7.305	7.727	8.182	8.545
5.297	5.454	5.831	6.387	6.769	7.267	7.688	8.133	8.474
5.190	5.366	5.800	6.451	6.824	7.302	7.686	8.106	8.406
5.046	5.209	5.617	6.226	6.613	7.077	7.452	7.873	8.174
5.046	5.210	5.614	6.208	6.597	7.058	7.428	7.843	8.156
5.038	5.187	5.584	6.175	6.547	7.000	7.369	7.772	8.086
5.122	5.264	5.636	6.177	6.542	6.985	7.343	7.752	8.082
5.214	5.370	5.759	6.329	6.716	7.156	7.510	7.913	8.267
5.368	5.529	5.888	6.410	6.778	7.219	7.573	7.976	8.341
4.971	5.103	5.481	6.033	6.729	7.165	7.508	7.909	8.249
4.926	5.052	5.392	5.888	6.580	7.014	7.370	7.758	8.134
4.987	5.126	5.500	6.042	6.758	7.202	7.567	7.963	8.327
4.754	4.898	5.213	5.870	6.460	6.904	7.120	7.633	8.097
4.694	4.837	5.153	5.767	6.354	6.796	7.009	7.514	7.977
4.664	4.818	5.174	5.817	6.400	6.839	7.057	7.567	8.012
4.652	4.802	5.138	5.766	6.347	6.782	6.990	7.501	7.943
4.687	4.839	5.212	5.878	6.464	6.906	7.100	7.603	8.023
4.606	4.778	5.172	5.858	6.451	6.899	7.085	7.589	8.007
4.476	4.635	5.056	5.749	6.346	6.798	6.982	7.474	7.885
4.484	4.656	5.073	5.788	6.384	6.836	7.019	7.505	7.908
4.503	4.670	5.086	5.805	6.464	6.849	7.031	7.516	7.921
4.492	4.661	5.086	5.798	6.418	6.800	6.978	7.458	7.868
4.506	4.645	5.021	5.656	6.280	6.630	6.831	7.303	7.739
4.655	4.787	5.116	5.734	6.332	6.685	6.891	7.365	7.817
4.730	4.875	5.201	5.797	6.396	6.732	6.941	7.420	7.883
4.738	4.870	5.201	5.783	6.364	6.690	6.892	7.366	7.827
4.765	4.909	5.293	5.927	6.519	6.848	7.046	7.518	7.965
4.688	4.810	5.143	5.763	6.354	6.681	6.864	7.341	7.792
4.859	4.996	5.373	5.986	6.570	6.891	7.082	7.554	7.988
4.860	5.010	5.408	6.068	6.658	6.986	7.176	7.643	8.057
4.737	4.879	5.268	5.885	6.483	6.809	6.989	7.468	7.882
4.847	5.014	5.428	6.096	6.678	7.005	7.192	7.662	8.063
4.847	5.015	5.424	6.095	6.679	7.006	7.192	7.660	8.063
4.848	5.018	5.530	6.181	6.779	7.117	7.295	7.766	8.152
4.636	4.824	5.349	6.033	6.632	6.989	7.167	7.637	7.993
4.481	4.655	5.166	5.841	6.453	6.817	7.001	7.475	7.833
4.457	4.631	5.151	5.845	6.463	6.824	7.004	7.481	7.844
4.396	4.569	5.055	5.749	6.376	6.729	6.903	7.365	7.738
4.365	4.533	4.922	5.561	6.177	6.517	6.714	7.182	7.593
4.528	4.694	5.113	5.755	6.378	6.717	6.901	7.378	7.796
4.518	4.686	5.134	5.795	6.428	6.789	6.977	7.453	7.854
4.402	4.558	4.959	5.629	6.261	6.622	6.805	7.289	7.710
4.353	4.498	4.834	5.463	6.082	6.454	6.658	7.134	7.584
4.427	4.574	4.953	5.556	6.180	6.543	6.747	7.222	7.669
4.485	4.645	5.013	5.643	6.258	6.617	6.826	7.305	7.749
4.504	4.651	4.992	5.624	6.232	6.587	6.788	7.268	7.718
4.551	4.700	5.067	5.693	6.297	6.642	6.837	7.301	7.740
4.537	4.665	5.045	5.673	6.275	6.610	6.799	7.250	7.600
4.578	4.718	5.108	5.726	6.327	6.655	6.860	7.314	7.663
4.531	4.683	5.083	5.694	6.304	6.640	6.839	7.292	7.636
4.524	4.667	5.094	5.733	6.372	6.731	6.928	7.391	7.726
4.624	4.768	5.140	5.772	6.373	6.723	6.939	7.396	7.758
4.625	4.769	5.135	5.774	6.373	6.724	6.940	7.395	7.758
4.607	4.762	5.149	5.750	6.332	6.688	6.896	7.351	7.725
4.782	4.952	5.322	5.964	6.560	6.931	7.154	7.568	7.876
4.423	4.554	4.930	5.922	6.534	6.901	7.127	7.426	7.807
4.459	4.582	4.948	5.953	6.567	6.939	7.194	7.441	7.831
4.460	4.582	4.942	5.953	6.567	6.940	7.195	7.440	7.832
4.462	4.598	5.031	6.038	6.697	7.079	7.288	7.599	7.979
4.116	4.249	4.680	5.698	6.318	6.709	6.936	7.234	7.601
4.134	4.266	4.648	5.626	6.240	6.628	6.847	7.140	7.518
4.123	4.284	4.665	5.751	6.344	6.724	6.941	7.230	7.611
4.114	4.266	4.681	5.761	6.356	6.730	6.968	7.237	7.627
3.924	4.041	4.384	5.282	5.842	6.315	6.555	6.840	7.251
4.012	4.122	4.464	5.357	5.920	6.399	6.636	6.928	7.342
4.066	4.183	4.486	5.248	5.908	6.363	6.604	6.902	7.404
4.108	4.228	4.558	5.344	5.996	6.446	6.666	6.950	7.503
4.073	4.194	4.548	5.335	5.988	6.435	6.646	6.915	7.439
3.665	3.780	4.149	5.363	6.029	6.498	6.734	6.966	7.487
3.668	3.784	4.150	5.367	6.032	6.501	6.736	6.968	7.487
3.603	3.715	4.063	5.337	6.018	6.484	6.701	6.986	7.503
3.556	3.653	3.995	5.269	5.942	6.399	6.612	6.894	7.268
3.549	3.647	3.975	5.230	5.889	6.338	6.542	6.823	7.201
3.570	3.669	4.037	5.311	6.002	6.471	6.686	6.972	7.340
3.536	3.625	3.985	5.292	5.984	6.464	6.688	6.974	7.345
3.499	3.587	3.923	5.202	5.889	6.360	6.580	6.864	7.247
3.570	3.668	4.075	5.433	6.129	6.591	6.794	7.067	7.401
3.547	3.656	4.045	5.375	6.079	6.554	6.749	7.025	7.362
3.575	3.684	4.035	5.417	6.069	6.581	6.750	7.033	7.369
3.699	3.801	4.158	5.518	6.179	6.705	6.874	7.165	7.506
3.783	3.885	4.206	5.541	6.202	6.727	6.900	7.188	7.540
3.821	3.934	4.255	5.600	6.268	6.797	6.973	7.257	7.607
3.854	3.968	4.328	5.701	6.370	6.905	7.069	7.347	7.685
3.832	3.946	4.264	5.604	6.261	6.782	6.954	7.226	7.579
3.914	4.019	4.337	5.671	6.313	6.822	6.991	7.269	7.627
3.925	4.029	4.392	5.744	6.393	6.907	7.068	7.342	7.694
3.843	3.946	4.263	5.581	6.269	6.724	6.881	7.173	7.549
3.849	3.952	4.279	5.598	6.280	6.736	6.918	7.194	7.583
3.884	3.978	4.277	5.601	6.272	6.730	6.921	7.200	7.588
3.886	3.981	4.280	5.605	6.275	6.732	6.923	7.201	7.588
3.876	3.980	4.268	5.586	6.265	6.721	6.900	7.193	7.573
3.877	3.982	4.281	5.616	6.294	6.751	6.930	7.211	7.593
3.917	4.011	4.293	5.596	6.281	6.740	6.924	7.205	7.591
3.971	4.078	4.398	5.712	6.401	6.877	7.070	7.335	7.719
3.954	4.050	4.351	5.633	6.310	6.768	6.964	7.236	7.624
4.200	4.300	4.584	5.871	6.556	7.023	7.199	7.479	7.873
4.230	4.321	4.603	5.858	6.549	7.019	7.200	7.484	7.880
4.220	4.312	4.574	5.885	6.551	7.027	7.217	7.506	7.899
4.166	4.248	4.535	5.807	6.464	6.926	7.115	7.387	7.782
4.151	4.226	4.527	5.792	6.448	6.917	7.106	7.372	7.755
4.226	4.315	4.657	5.934	6.595	7.058	7.249	7.519	7.895
4.213	4.301	4.638	5.932	6.599	7.069	7.249	7.526	7.899
4.201	4.289	4.626	5.895	6.564	7.015	7.195	7.465	7.779
4.203	4.270	4.556	5.768	6.398	6.844	7.009	7.280	7.623
4.317	4.383	4.625	5.821	6.431	6.854	7.021	7.311	7.660
4.332	4.411	4.633	5.814	6.405	6.822	6.979	7.268	7.619
4.391	4.471	4.711	5.901	6.490	6.906	7.050	7.220	7.640
4.416	4.497	4.696	5.888	6.464	6.883	7.049	7.207	7.652
4.451	4.533	4.819	5.981	6.571	7.005	7.169	7.318	7.760
4.386	4.488	4.747	5.934	6.515	6.952	7.108	7.254	7.680
4.375	4.466	4.717	5.862	6.427	6.851	7.002	7.155	7.579
4.402	4.514	4.781	5.937	6.510	6.934	7.079	7.242	7.662
4.423	4.525	4.782	5.981	6.576	7.006	7.155	7.317	7.722
4.358	4.469	4.711	5.905	6.502	6.938	7.100	7.265	7.673
4.352	4.462	4.687	5.865	6.454	6.873	7.030	7.189	7.602
4.442	4.544	4.779	5.950	6.530	6.949	7.103	7.269	7.671
4.515	4.618	4.862	6.027	6.607	7.042	7.203	7.372	7.780
4.488	4.591	4.817	6.006	6.586	7.029	7.191	7.372	7.788
4.542	4.638	4.898	6.137	6.727	7.171	7.353	7.526	7.933
4.467	4.563	4.841	6.084	6.684	7.147	7.327	7.501	7.905
4.477	4.569	4.879	6.099	6.702	7.162	7.341	7.511	7.918
4.376	4.467	4.753	5.956	6.540	6.985	7.169	7.338	7.761
4.331	4.442	4.766	5.971	6.565	7.017	7.198	7.361	7.766
4.251	4.372	4.803	6.117	6.763	7.236	7.420	7.589	7.943
4.065	4.203	4.607	5.970	6.636	7.121	7.306	7.468	7.819
3.997	4.130	4.509	5.855	6.509	7.053	7.742	7.285	7.651
4.060	4.196	4.558	5.932	6.588	7.060	7.267	7.406	7.767
4.031	4.167	4.559	5.922	6.598	7.075	7.270	7.428	7.785
4.032	4.169	4.560	5.924	6.599	7.076	7.271	7.427	7.770
4.018	4.155	4.530	5.938	6.618	7.103	7.298	7.456	7.793
4.074	4.230	4.653	6.105	6.795	7.288	7.485	7.641	7.980
3.936	4.142	4.586	6.037	6.696	7.169	7.366	7.511	7.825
3.879	4.085	4.522	5.975	6.672	7.161	7.353	7.496	7.816
3.903	4.078	4.503	5.934	6.629	7.116	7.299	7.456	7.789
3.928	4.105	4.554	6.003	6.705	7.191	7.371	7.524	7.848
3.933	4.127	4.586	6.087	6.789	7.272	7.427	7.577	7.875
3.854	4.048	4.534	6.026	6.716	7.190	7.346	7.467	7.758
3.832	4.048	4.525	5.984	6.671	7.148	7.304	7.428	7.724
3.887	4.125	4.664	6.144	6.841	7.311	7.455	7.569	7.828
3.771	3.997	4.539	6.026	6.722	7.181	7.320	7.433	7.682
3.763	3.978	4.501	5.941	6.649	7.108	7.248	7.372	7.633
3.793	4.006	4.592	6.068	6.807	7.272	7.407	7.518	7.767
3.794	3.977	4.625	6.032	6.749	7.236	7.347	7.589	7.846
3.797	4.012	4.631	6.012	6.737	7.217	7.326	7.556	7.826
3.803	4.010	4.627	5.998	6.715	7.207	7.306	7.543	7.810
3.871	4.074	4.676	6.065	6.811	7.308	7.419	7.657	7.935
3.848	4.052	4.642	6.064	6.806	7.312	7.421	7.671	7.948
3.855	4.081	4.690	6.112	6.845	7.340	7.446	7.690	7.961
3.941	4.233	4.884	6.397	7.144	7.637	7.727	7.935	8.148
3.872	4.171	4.820	6.297	7.059	7.557	7.651	7.872	8.106
3.935	4.249	4.867	6.360	7.100	7.591	7.689	7.900	8.136
4.051	4.371	5.043	6.521	7.301	7.774	7.873	8.098	8.351
4.043	4.407	5.104	6.616	7.390	7.859	7.968	8.166	8.423
4.038	4.411	5.022	6.490	7.270	7.729	7.856	8.078	8.315
4.226	4.569	5.149	6.599	7.368	7.821	7.938	8.154	8.414
4.315	4.679	5.300	6.752	7.515	7.978	8.081	8.313	8.563
4.306	4.686	5.332	6.792	7.563	8.020	8.128	8.355	8.594
