6.170	6.440	6.619	6.864	7.061	7.241	7.439	7.717	8.070
6.160	6.430	6.650	6.853	7.005	7.209	7.444	7.707	8.074
6.140	6.410	6.651	6.885	7.071	7.239	7.474	7.751	8.104
6.110	6.358	6.526	6.836	7.009	7.177	7.412	7.701	8.067
6.080	6.327	6.526	6.890	7.085	7.241	7.476	7.778	8.144
6.120	6.358	6.599	6.984	7.191	7.358	7.581	7.910	8.248
6.150	6.389	6.641	7.036	7.220	7.388	7.636	7.965	8.287
6.140	6.348	6.578	6.920	7.127	7.283	7.518	7.846	8.182
6.040	6.245	6.444	6.774	6.992	7.148	7.358	7.712	8.017
6.040	6.214	6.392	6.658	6.899	7.043	7.252	7.631	7.921
6.090	6.286	6.495	6.826	7.055	7.188	7.386	7.728	8.035
6.090	6.275	6.496	6.826	7.033	7.178	7.388	7.755	8.018
6.040	6.286	6.516	6.901	7.074	7.230	7.453	7.807	8.055
6.030	6.306	6.558	6.901	7.074	7.230	7.453	7.807	8.055
5.940	6.286	6.485	6.859	7.021	7.189	7.399	7.740	8.018
5.990	6.275	6.464	6.806	6.990	7.158	7.344	7.647	7.955
6.080	6.245	6.433	6.678	6.730	6.865	7.245	7.339	7.748
6.020	6.203	6.402	6.819	6.947	7.057	7.304	7.645	7.948
5.980	6.152	6.414	6.787	6.904	7.003	7.286	7.626	7.929
6.040	6.162	6.424	6.743	6.894	7.016	7.287	7.601	7.903
6.010	6.172	6.413	6.765	6.860	6.983	7.278	7.604	7.907
6.060	6.203	6.465	6.817	6.946	7.068	7.351	7.704	7.976
6.060	6.265	6.464	6.881	7.009	7.131	7.415	7.768	8.027
6.010	6.275	6.485	6.881	7.053	7.175	7.446	7.787	8.060
6.010	6.245	6.517	6.934	7.084	7.205	7.526	7.878	8.108
5.890	6.162	6.424	6.840	7.013	7.168	7.451	7.803	8.032
5.920	6.172	6.424	6.840	7.012	7.157	7.464	7.803	8.032
5.910	6.111	6.383	6.788	6.949	7.070	7.390	7.702	7.975
5.770	6.008	6.311	6.737	6.909	7.042	7.300	7.691	7.932
5.890	6.090	6.415	6.841	7.002	7.146	7.405	7.758	7.987
5.930	6.152	6.508	6.967	7.150	7.341	7.563	7.956	8.155
5.950	6.152	6.508	6.967	7.139	7.295	7.590	7.904	8.178
5.940	6.162	6.487	6.968	7.150	7.283	7.554	7.908	8.138
5.870	6.121	6.393	6.874	7.023	7.179	7.438	7.790	8.020
5.890	6.131	6.424	6.937	7.086	7.265	7.524	7.916	8.100
6.220	6.471	6.639	6.853	7.005	7.186	7.445	7.838	8.023
6.250	6.482	6.639	6.767	6.931	7.077	7.373	7.726	7.955
6.290	6.451	6.682	6.862	6.982	7.163	7.459	7.799	8.014
6.320	6.533	6.764	6.967	7.119	7.266	7.575	7.903	8.134
6.370	6.616	6.879	7.156	7.297	7.455	7.778	8.132	8.364
6.400	6.626	6.868	7.113	7.255	7.436	7.746	8.087	8.318
6.430	6.647	6.889	7.188	7.351	7.509	7.856	8.197	8.442
6.390	6.657	6.794	7.126	7.278	7.471	7.780	8.134	8.364
6.330	6.637	6.889	7.167	7.319	7.523	7.833	8.201	8.446
6.340	6.668	6.920	7.187	7.350	7.555	7.865	8.233	8.493
6.320	6.585	6.816	7.072	7.236	7.440	7.737	8.117	8.332
6.330	6.626	6.805	7.051	7.203	7.419	7.716	8.083	8.283
6.290	6.554	6.732	6.957	7.132	7.324	7.608	8.027	8.167
6.290	6.554	6.722	6.968	7.143	7.346	7.630	8.036	8.206
6.330	6.595	6.763	7.009	7.184	7.388	7.660	8.040	8.226
6.340	6.595	6.753	6.977	7.152	7.356	7.616	8.022	8.193
6.410	6.709	6.867	7.059	7.246	7.567	7.801	7.947	8.225
6.360	6.668	6.825	7.017	7.182	7.515	7.736	7.882	8.175
6.310	6.626	6.815	7.050	7.192	7.490	7.749	7.894	8.174
6.280	6.595	6.816	7.072	7.247	7.545	7.791	7.937	8.231
6.290	6.575	6.816	7.083	7.247	7.544	7.803	7.948	8.241
6.220	6.440	6.703	6.948	7.133	7.419	7.677	7.848	8.138
6.230	6.461	6.755	7.021	7.173	7.482	7.741	7.912	8.203
6.210	6.440	6.713	6.947	7.133	7.442	7.724	7.907	8.197
6.230	6.451	6.745	6.979	7.187	7.495	7.766	7.974	8.263
6.170	6.379	6.683	6.927	7.102	7.375	7.670	7.866	8.155
6.180	6.410	6.693	6.991	7.177	7.415	7.711	7.907	8.196
6.120	6.389	6.693	7.013	7.209	7.459	7.755	7.950	8.256
6.100	6.348	6.641	6.940	7.113	7.375	7.658	7.828	8.146
6.100	6.358	6.641	6.940	7.113	7.352	7.659	7.842	8.161
6.100	6.399	6.619	6.897	7.060	7.287	7.606	7.737	8.086
6.100	6.420	6.640	6.907	7.081	7.331	7.626	7.745	8.080
6.100	6.399	6.609	6.854	7.029	7.232	7.528	7.647	7.996
6.050	6.327	6.610	6.866	7.029	7.244	7.502	7.572	7.985
6.040	6.358	6.620	6.897	7.049	7.241	7.488	7.571	7.938
5.980	6.368	6.620	6.929	7.081	7.296	7.555	7.650	8.001
6.000	6.389	6.620	6.951	7.080	7.260	7.532	7.615	7.981
5.990	6.389	6.609	6.930	7.092	7.272	7.544	7.626	8.007
6.010	6.410	6.661	6.992	7.132	7.313	7.597	7.692	8.073
6.020	6.410	6.619	6.918	7.025	7.229	7.513	7.621	8.001
6.080	6.399	6.630	6.929	7.058	7.227	7.523	7.618	7.999
6.070	6.410	6.661	6.992	7.132	7.301	7.586	7.655	8.052
6.090	6.430	6.682	7.024	7.175	7.332	7.629	7.711	8.107
6.120	6.471	6.671	7.035	7.152	7.333	7.642	7.698	8.123
6.190	6.502	6.702	7.044	7.162	7.331	7.653	7.721	8.133
6.100	6.389	6.599	6.919	7.026	7.218	7.514	7.571	7.994
6.260	6.471	6.702	7.012	7.141	7.334	7.630	7.686	8.126
6.190	6.461	6.650	6.949	7.090	7.282	7.566	7.610	8.078
6.280	6.575	6.795	7.084	7.247	7.474	7.759	7.853	8.250
6.300	6.554	6.785	7.063	7.215	7.431	7.740	7.807	8.248
6.270	6.533	6.743	7.053	7.216	7.432	7.741	7.821	8.245
6.310	6.554	6.764	7.107	7.247	7.474	7.783	7.863	8.289
6.270	6.533	6.775	7.160	7.322	7.561	7.870	7.962	8.374
6.270	6.533	6.754	7.161	7.356	7.595	7.891	7.996	8.423
6.250	6.523	6.743	7.118	7.314	7.634	7.917	8.021	8.461
6.350	6.637	6.857	7.265	7.472	7.781	8.077	8.167	8.610
6.350	6.637	6.868	7.264	7.449	7.758	8.005	8.150	8.606
6.310	6.585	6.784	7.170	7.366	7.652	7.960	8.012	8.483
6.350	6.637	6.878	7.307	7.514	7.835	8.131	8.208	8.667
6.320	6.637	6.847	7.265	7.483	7.804	8.125	8.200	8.658
6.330	6.699	6.909	7.349	7.556	7.865	8.187	8.250	8.680
6.280	6.637	6.878	7.340	7.546	7.832	8.153	8.191	8.592
6.270	6.616	6.868	7.340	7.535	7.833	8.142	8.205	8.592
6.260	6.616	6.826	7.266	7.473	7.758	8.030	8.147	8.485
6.290	6.626	6.826	7.244	7.451	7.737	8.021	8.112	8.467
6.320	6.647	6.847	7.265	7.461	7.746	8.018	8.097	8.452
6.340	6.688	6.930	7.381	7.588	7.873	8.158	8.210	8.567
6.370	6.761	7.013	7.486	7.704	7.990	8.275	8.340	8.668
6.380	6.761	7.013	7.464	7.694	7.991	8.264	8.315	8.675
6.370	6.761	7.023	7.475	7.704	7.990	8.263	8.328	8.672
6.430	6.874	7.148	7.610	7.863	8.161	8.434	8.498	8.844
6.380	6.843	7.096	7.580	7.809	8.095	8.406	8.496	8.837
6.310	6.843	7.096	7.591	7.831	8.129	8.427	8.464	8.870
6.300	6.843	7.106	7.601	7.842	8.140	8.425	8.476	8.881
6.320	6.874	7.137	7.622	7.862	8.149	8.422	8.500	8.874
6.300	6.854	7.138	7.622	7.862	8.137	8.410	8.449	8.916
6.280	6.885	7.179	7.674	7.915	8.201	8.487	8.538	8.974
6.360	6.926	7.179	7.728	7.968	8.255	8.553	8.603	9.025
6.420	7.009	7.219	7.759	7.739	8.362	8.645	8.716	9.150
6.350	6.988	7.188	7.717	8.082	8.355	8.590	8.629	9.083
6.400	6.998	7.177	7.717	8.116	8.329	8.578	8.630	9.098
6.320	6.947	7.073	7.656	7.986	8.271	8.519	8.609	9.044
6.280	6.885	7.011	7.539	7.836	8.109	8.369	8.646	8.847
6.320	6.916	7.063	7.624	7.932	8.181	8.442	8.639	8.905
6.360	6.967	7.115	7.665	7.973	8.116	8.391	8.683	9.044
6.390	6.978	7.146	7.707	8.004	8.171	8.421	8.807	9.235
6.300	6.895	7.158	7.708	8.016	8.194	8.444	8.843	9.268
6.280	6.864	7.127	7.666	7.985	8.139	8.389	8.802	9.299
6.200	6.761	7.013	7.736	8.030	8.184	8.371	8.840	9.336
6.150	6.678	6.920	7.609	7.881	8.059	8.233	8.673	9.183
6.200	6.781	6.992	7.660	7.910	8.053	8.253	8.680	9.207
6.220	6.740	6.940	7.543	7.804	7.936	8.136	8.562	9.132
6.100	6.709	6.951	7.619	7.868	7.999	8.212	8.625	9.198
6.070	6.637	6.910	7.566	7.816	7.947	8.147	8.587	9.344
6.080	6.626	6.910	7.556	7.817	7.959	8.147	8.573	9.330
6.020	6.564	6.869	7.579	7.851	7.969	8.181	8.608	9.198
5.910	6.492	6.818	7.538	7.798	7.952	8.139	8.578	9.184
6.190	6.637	6.984	7.683	7.944	8.075	8.262	8.703	9.311
6.140	6.585	6.911	7.632	7.892	8.023	8.210	8.664	9.312
6.170	6.585	6.900	7.567	7.805	7.913	8.113	8.553	9.215
6.070	6.358	6.820	7.485	7.711	7.842	8.030	8.468	9.029
6.090	6.337	6.841	7.528	7.754	7.873	8.061	8.513	9.060
6.120	6.337	6.852	7.539	7.753	7.884	8.072	8.498	9.076
6.050	6.286	6.779	7.444	7.670	7.789	7.989	8.413	8.975
6.180	6.492	6.997	7.619	7.869	7.976	8.177	8.340	8.928
6.130	6.420	6.882	7.515	7.753	7.908	8.095	8.349	8.804
6.030	6.379	6.820	7.485	7.734	7.876	8.063	8.317	8.784
6.060	6.379	6.883	7.570	7.841	7.995	8.169	8.450	8.905
6.210	6.502	6.996	7.597	7.881	8.166	8.276	8.610	9.063
6.200	6.513	6.965	7.555	7.816	8.089	8.237	8.583	9.005
6.180	6.523	6.933	7.513	7.774	8.047	8.195	8.527	8.951
6.190	6.564	6.974	7.554	7.793	8.078	8.214	8.534	8.973
6.230	6.626	7.057	7.649	7.933	8.182	8.330	8.651	9.222
6.310	6.719	7.140	7.569	7.855	8.117	8.352	8.791	9.257
6.350	6.781	7.171	7.589	7.841	8.127	8.363	8.788	9.271
6.350	6.792	7.149	7.557	7.809	8.119	8.355	8.792	9.274
6.290	6.771	7.076	7.516	7.802	8.100	8.335	8.772	9.254
6.290	6.781	7.076	7.494	7.769	8.055	8.290	8.768	9.236
6.480	6.998	7.399	7.872	8.193	8.479	8.703	9.185	9.551
6.570	7.081	7.471	7.956	8.288	8.575	8.799	9.268	9.639
6.560	7.050	7.440	7.925	8.257	8.567	8.791	9.246	9.631
6.480	6.957	7.368	7.830	8.128	8.462	8.736	9.148	9.531
6.350	6.936	7.390	7.852	8.138	8.460	8.747	9.145	9.475
6.280	6.895	7.327	7.756	8.020	8.307	8.606	9.031	9.315
6.310	6.916	7.369	7.755	8.008	8.283	8.582	8.980	9.474
6.430	6.895	7.274	7.639	7.869	8.133	8.344	8.919	9.420
6.420	6.874	7.274	7.660	7.913	8.153	8.365	8.953	9.452
6.400	6.885	7.253	7.650	7.914	8.189	8.400	8.989	9.489
6.560	6.998	7.325	7.712	7.976	8.252	8.451	9.054	9.552
6.650	7.040	7.388	7.753	8.018	8.257	8.482	9.072	9.575
6.640	6.978	7.357	7.711	8.010	8.166	8.379	9.051	9.493
6.550	6.885	7.274	7.574	7.861	7.994	8.220	8.875	9.318
6.550	6.916	7.327	7.582	7.950	8.082	8.282	8.912	9.370
6.610	6.967	7.389	7.667	8.034	8.178	8.391	9.035	9.477
6.650	7.060	7.493	7.792	8.183	8.314	8.528	9.202	9.617
6.700	7.123	7.492	7.792	8.171	8.350	8.551	9.211	9.658
6.700	7.123	7.523	7.823	8.180	8.360	8.585	9.246	9.693
6.640	7.081	7.471	7.782	8.150	8.341	8.554	9.241	9.685
6.630	7.019	7.388	7.677	8.045	8.212	8.437	9.109	9.549
6.640	7.029	7.398	7.676	8.056	8.235	8.435	9.134	9.545
6.590	7.081	7.493	7.770	8.139	8.330	8.543	9.244	9.655
6.560	7.071	7.482	7.749	8.095	8.298	8.498	9.185	9.628
6.530	7.029	7.472	7.739	8.050	8.302	8.514	9.200	9.643
6.430	6.947	7.400	7.666	8.000	8.191	8.417	9.074	9.529
6.470	7.009	7.367	7.613	7.958	8.137	8.363	9.033	9.489
6.550	7.060	7.451	7.729	8.085	8.265	8.490	9.176	9.618
6.480	7.019	7.388	7.666	8.034	8.213	8.438	9.123	9.564
6.510	7.060	7.451	7.729	8.097	8.288	8.488	9.025	9.646
6.580	7.185	7.491	7.748	8.105	8.273	8.511	9.075	9.654
6.610	7.205	7.522	7.779	8.136	8.316	8.542	9.120	9.605
6.700	7.164	7.491	7.781	8.149	8.328	8.554	9.132	9.599
6.690	7.143	7.449	7.750	8.118	8.261	8.525	9.088	9.572
6.740	7.123	7.407	7.664	8.021	8.165	8.416	8.979	9.478
6.780	7.205	7.490	7.758	8.116	8.236	8.500	9.051	9.666
6.860	7.257	7.574	7.853	8.199	8.355	8.607	9.186	9.773
6.890	7.205	7.575	7.897	8.254	8.421	8.673	9.279	9.835
6.840	7.164	7.586	7.919	8.287	8.454	8.718	9.338	9.878
6.860	7.154	7.523	7.812	8.192	8.347	8.611	9.216	9.787
6.880	7.216	7.627	7.938	8.318	8.486	8.750	9.384	9.895
6.770	7.133	7.449	7.750	8.118	8.285	8.536	9.222	9.760
6.770	7.247	7.532	7.854	8.223	8.390	8.666	9.354	9.881
6.900	7.371	7.699	8.043	8.400	8.580	8.845	9.536	10.032
6.890	7.392	7.698	8.032	8.401	8.581	8.908	9.585	10.097
6.940	7.444	7.761	8.084	8.442	8.634	8.898	9.591	10.066
6.950	7.464	7.760	8.084	8.453	8.633	8.898	9.590	10.082
6.990	7.475	7.834	8.135	8.505	8.685	8.963	9.656	10.075
7.080	7.444	7.824	8.147	8.516	8.696	8.974	9.681	10.085
7.110	7.454	7.856	8.189	8.582	8.761	9.039	9.747	10.134
7.080	7.402	7.740	8.041	8.411	8.591	8.868	9.587	9.973
7.140	7.454	7.792	8.104	8.485	8.677	8.942	9.649	10.066
7.180	7.485	7.834	8.157	8.538	8.730	8.995	9.689	10.125
7.180	7.485	7.845	8.157	8.526	8.682	8.948	9.656	10.078
7.170	7.516	7.855	8.178	8.547	8.692	8.983	9.677	10.099
7.100	7.537	7.854	8.188	8.558	8.702	8.993	9.688	10.110
7.110	7.630	7.937	8.250	8.609	8.729	8.984	9.666	10.091
7.200	7.620	7.948	8.271	8.619	8.740	8.994	9.677	10.116
7.190	7.599	7.917	8.218	8.554	8.687	8.941	9.595	10.068
7.160	7.558	7.854	8.123	8.482	8.591	8.844	9.470	9.973
7.180	7.578	7.832	8.069	8.428	8.549	8.790	9.374	9.911
7.230	7.641	7.895	8.131	8.479	8.577	8.844	9.428	10.003
7.360	7.776	8.030	8.267	8.604	8.690	8.958	9.421	9.827
7.340	7.786	8.030	8.256	8.593	8.679	8.947	9.383	9.806
7.310	7.786	7.998	8.202	8.540	8.626	8.894	9.343	9.749
7.500	7.942	8.143	8.261	8.497	8.562	8.857	9.266	9.711
7.540	7.952	8.164	8.249	8.486	8.563	8.845	9.254	9.701
7.570	7.973	8.217	8.291	8.516	8.606	8.875	9.285	9.732
7.580	8.014	8.216	8.345	8.558	8.624	8.844	9.323	9.771
7.530	7.962	8.164	8.282	8.495	8.525	8.808	9.218	9.723
7.660	7.962	8.249	8.355	8.569	8.622	8.842	9.309	9.756
7.820	8.077	8.321	8.438	8.664	8.849	9.042	9.277	9.894
7.860	8.098	8.363	8.513	8.715	8.913	9.105	9.314	9.936
7.790	8.098	8.395	8.556	8.781	8.978	9.183	9.418	10.009
7.620	7.921	8.207	8.499	8.814	9.129	9.215	9.464	9.919
7.780	8.087	8.385	8.666	8.981	9.285	9.385	9.634	10.077
7.780	8.118	8.416	8.697	9.012	9.329	9.428	9.664	10.106
7.840	8.160	8.436	8.729	9.056	9.263	9.454	9.702	9.951
7.850	8.212	8.467	8.738	9.054	9.261	9.453	9.701	9.950
7.880	8.191	8.457	8.728	9.055	9.262	9.454	9.702	9.950
7.900	8.233	8.498	8.758	9.086	9.305	9.497	9.718	9.999
7.910	8.233	8.498	8.758	9.086	9.305	9.497	9.718	9.999
7.750	8.098	8.363	8.644	8.960	9.191	9.407	9.626	10.078
7.780	8.160	8.447	8.728	9.032	9.252	9.495	9.631	10.089
7.820	8.202	8.499	8.737	9.064	9.308	9.525	9.689	10.145
7.820	8.160	8.447	8.663	8.990	9.234	9.450	9.615	10.067
7.720	8.098	8.374	8.622	8.949	9.156	9.399	9.522	9.993
7.670	8.056	8.300	8.538	8.853	9.072	9.302	9.425	9.911
7.680	8.066	8.289	8.582	8.897	9.116	9.345	9.468	9.940
7.730	8.108	8.288	8.571	8.897	9.104	9.333	9.457	9.944
7.600	7.942	8.186	8.434	8.623	8.844	9.061	9.253	9.656
7.660	8.004	8.248	8.486	8.664	8.897	9.127	9.346	9.717
7.640	7.973	8.291	8.550	8.739	8.960	9.190	9.423	9.794
7.590	7.983	8.248	8.475	8.676	8.909	9.138	9.357	9.743
7.670	8.066	8.321	8.559	8.760	8.993	9.223	9.456	9.810
7.580	7.983	8.248	8.475	8.664	8.897	9.114	9.348	9.733
7.820	8.139	8.469	8.574	8.777	9.035	9.265	9.485	9.871
7.820	8.160	8.436	8.586	8.766	9.012	9.242	9.462	9.850
7.760	8.108	8.427	8.587	8.778	9.012	9.242	9.462	9.851
7.700	8.046	8.428	8.577	8.767	9.013	9.243	9.490	9.877
7.700	8.046	8.428	8.577	8.767	9.025	9.242	9.476	9.863
7.690	8.077	8.257	8.495	8.685	8.942	9.184	9.389	9.790
7.720	8.118	8.384	8.545	8.736	8.981	9.135	9.439	9.740
7.550	8.066	8.353	8.536	8.714	8.948	9.115	9.405	9.706
7.640	8.222	8.488	8.616	8.831	9.064	9.143	9.369	9.691
7.800	8.295	8.572	8.689	8.949	9.098	9.166	9.408	9.715
7.840	8.295	8.646	8.807	8.998	9.232	9.336	9.535	9.892
8.000	8.451	8.771	8.987	9.177	9.485	9.524	9.574	9.870
7.970	8.431	8.782	9.042	9.255	9.513	9.552	9.604	9.913
8.160	8.587	8.939	9.143	9.323	9.510	9.425	9.485	9.771
8.160	8.587	8.949	9.143	9.311	9.499	9.413	9.474	9.774
8.100	8.524	8.919	9.123	9.279	9.527	9.440	9.459	9.843
8.190	8.587	9.003	9.152	9.401	9.600	9.640	9.817	10.019
8.280	8.743	9.074	9.235	9.450	9.650	9.704	9.825	10.027
8.290	8.743	9.074	9.235	9.450	9.650	9.704	9.825	10.027
8.220	8.649	9.033	9.139	9.378	9.552	9.607	9.647	9.968
8.230	8.660	9.022	9.150	9.377	9.552	9.606	9.647	9.968
8.230	8.691	9.075	9.192	9.454	9.664	9.666	9.735	9.972
8.310	8.754	9.116	9.233	9.495	9.670	9.673	9.729	9.982
8.220	8.754	9.095	9.234	9.496	9.695	9.697	9.752	10.162
8.280	8.712	9.064	9.137	9.411	9.585	9.601	9.657	10.063
8.420	8.712	9.085	9.147	9.398	9.561	9.565	9.635	10.012
8.420	8.691	9.107	9.169	9.442	9.593	9.584	9.627	10.005
8.490	8.764	9.191	9.252	9.538	9.700	9.691	9.707	10.028
8.510	8.806	9.233	9.305	9.579	9.717	9.683	9.674	9.967
8.570	8.847	9.275	9.325	9.553	9.729	9.682	9.673	9.965
8.580	8.889	9.295	9.302	9.531	9.719	9.671	9.636	9.900
8.560	8.889	9.231	9.359	9.575	9.751	9.703	9.627	9.878
8.590	8.858	9.285	9.269	9.476	9.628	9.556	9.578	9.777
8.680	9.056	9.398	9.439	9.691	9.904	9.880	9.787	10.036
8.540	8.941	9.326	9.399	9.662	9.886	9.849	9.784	10.032
8.510	8.931	9.219	9.326	9.589	9.801	9.777	9.657	9.920
8.470	8.921	9.198	9.305	9.556	9.792	9.768	9.702	9.993
8.530	8.931	9.198	9.294	9.580	9.828	9.816	9.788	9.995
8.540	8.973	9.197	9.294	9.545	9.757	9.631	9.612	9.806
8.610	9.046	9.281	9.333	9.574	9.799	9.660	9.628	9.824
8.720	9.077	9.280	9.344	9.573	9.822	9.696	9.649	9.797
8.680	9.025	9.281	9.290	9.542	9.791	9.665	9.618	9.768
8.650	9.046	9.292	9.333	9.585	9.798	9.672	9.640	9.744
8.670	9.035	9.313	9.299	9.529	9.754	9.617	9.571	9.660
8.700	9.025	9.292	9.300	9.507	9.708	9.609	9.550	9.671
8.700	9.004	9.250	9.203	9.422	9.635	9.486	9.429	9.519
8.830	9.150	9.300	9.419	9.590	9.792	9.629	9.586	9.721
8.800	9.108	9.247	9.301	9.507	9.708	9.559	9.529	9.662
8.790	9.088	9.205	9.182	9.424	9.649	9.486	9.510	9.655
8.850	9.161	9.268	9.299	9.529	9.706	9.748	9.736	9.877
8.740	9.067	9.248	9.257	9.487	9.663	9.706	9.653	9.813
8.830	9.161	9.257	9.355	9.561	9.749	9.779	9.712	9.903
8.820	9.161	9.257	9.366	9.572	9.760	9.790	9.696	9.904
8.910	9.192	9.256	9.366	9.594	9.795	9.824	9.716	9.923
8.940	9.244	9.330	9.428	9.657	9.846	9.875	9.781	9.976
8.810	9.119	9.183	9.270	9.499	9.687	9.717	9.623	9.834
8.860	9.213	9.256	9.321	9.562	9.739	9.768	9.675	9.869
8.860	9.192	9.224	9.301	9.519	9.683	9.726	9.646	9.808
9.020	9.317	9.392	9.458	9.688	9.852	9.882	9.802	9.949
8.970	9.286	9.329	9.394	9.624	9.764	9.821	9.740	9.903
9.040	9.370	9.380	9.413	9.632	9.761	9.792	9.782	9.879
8.980	9.338	9.370	9.403	9.587	9.716	9.748	9.712	9.825
8.990	9.328	9.349	9.415	9.576	9.693	9.699	9.692	9.792
9.000	9.349	9.349	9.404	9.565	9.694	9.675	9.628	9.712
9.090	9.433	9.433	9.477	9.626	9.732	9.726	9.679	9.734
9.100	9.391	9.423	9.489	9.626	9.731	9.701	9.628	9.700
9.100	9.370	9.413	9.456	9.605	9.699	9.668	9.609	9.664
9.050	9.380	9.412	9.467	9.593	9.662	9.646	9.574	9.601
8.720	8.994	9.090	9.166	9.406	9.618	9.865	9.785	9.811
8.670	9.014	9.089	9.154	9.406	9.618	9.852	9.760	9.802
8.700	8.973	9.079	9.144	9.373	9.573	9.807	9.729	9.788
8.790	9.088	9.173	9.227	9.456	9.657	9.892	9.827	9.869
8.840	9.119	9.172	9.172	9.425	9.613	9.835	9.758	9.832
8.950	9.255	9.308	9.396	9.509	9.700	9.937	9.833	9.894
8.940	9.234	9.277	9.331	9.445	9.648	9.885	9.781	9.876
9.130	9.307	9.286	9.330	9.421	9.625	9.874	9.853	9.925
9.240	9.422	9.390	9.445	9.537	9.741	9.978	9.943	10.031
9.330	9.506	9.516	9.605	9.707	9.899	10.137	10.060	10.120
9.310	9.495	9.527	9.593	9.673	9.877	10.102	10.013	10.044
9.320	9.516	9.516	9.538	9.630	9.798	10.037	10.003	10.031
9.370	9.663	9.577	9.644	9.748	9.940	10.204	10.168	10.161
9.370	9.610	9.600	9.688	9.791	10.008	10.272	10.261	10.252
9.270	9.516	9.495	9.583	9.674	9.879	10.142	10.105	10.116
9.280	9.464	9.464	9.508	9.634	9.862	10.099	10.104	10.110
9.350	9.558	9.537	9.636	9.785	10.037	10.326	10.340	10.360
9.330	9.506	9.516	9.649	9.786	10.050	10.325	10.340	10.392
9.220	9.401	9.444	9.554	9.679	9.907	10.195	10.155	10.227
9.260	9.464	9.496	9.628	9.730	9.946	10.235	10.196	10.270
9.270	9.464	9.496	9.628	9.718	9.947	10.236	10.196	10.254
9.150	9.349	9.402	9.556	9.634	9.850	10.139	10.100	10.190
9.260	9.464	9.560	9.747	9.836	10.077	10.262	10.227	10.285
9.150	9.380	9.466	9.686	9.786	10.013	10.198	10.136	10.215
9.180	9.453	9.528	9.848	9.935	10.175	10.334	10.257	10.322
9.260	9.506	9.570	9.912	9.964	10.192	10.352	10.235	10.303
9.290	9.558	9.590	9.944	9.972	10.201	10.361	10.272	10.339
9.290	9.569	9.558	9.801	9.913	10.141	10.313	10.292	10.385
9.210	9.506	9.474	9.739	9.897	10.148	10.319	10.324	10.415
9.200	9.485	9.442	9.763	9.908	10.159	10.330	10.335	10.440
9.250	9.579	9.536	9.835	9.981	10.245	10.416	10.420	10.526
9.350	9.673	9.609	9.864	10.023	10.287	10.471	10.461	10.599
9.340	9.673	9.630	9.874	10.033	10.297	10.468	10.459	10.580
9.470	9.705	9.598	9.798	9.934	10.162	10.295	10.332	10.454
9.380	9.809	9.659	9.871	10.008	10.236	10.356	10.393	10.500
9.490	9.788	9.756	9.978	10.126	10.354	10.487	10.509	10.601
9.390	9.673	9.641	9.852	9.999	10.227	10.347	10.356	10.464
9.530	9.747	9.757	9.956	10.081	10.309	10.430	10.412	10.491
9.200	9.474	9.603	9.789	9.925	10.165	10.284	10.321	10.386
9.040	9.391	9.616	9.801	9.983	10.037	10.109	10.195	10.278
9.020	9.443	9.561	9.747	9.918	9.948	10.047	10.132	10.229
9.040	9.412	9.540	9.693	9.852	9.908	10.006	10.063	10.179
9.200	9.548	9.698	9.795	9.967	10.035	10.133	10.177	10.295
9.320	9.715	9.865	9.997	10.203	10.246	10.344	10.374	10.493
9.310	9.726	9.876	9.907	10.139	10.194	10.305	10.320	10.457
9.290	9.726	9.844	9.931	10.092	10.136	10.248	10.236	10.391
9.290	9.715	9.876	9.930	10.079	10.124	10.249	10.237	10.394
9.290	9.788	9.928	10.026	10.175	10.207	10.320	10.309	10.482
9.100	9.736	9.897	9.895	10.034	10.055	10.168	10.158	10.299
9.390	9.747	9.929	9.916	10.043	10.064	10.178	10.196	10.320
9.650	9.841	9.948	9.925	10.064	10.110	10.223	10.254	10.377
9.550	9.799	9.863	9.885	10.000	10.046	10.159	10.190	10.332
9.600	9.809	9.831	9.842	9.981	10.014	10.114	10.160	10.281
9.470	9.747	9.800	9.855	9.958	10.004	10.104	10.136	10.275
9.430	9.673	9.738	9.814	9.917	9.950	10.050	10.055	10.194
9.450	9.684	9.770	9.813	9.928	9.949	10.062	10.066	10.187
9.370	9.642	9.728	9.738	9.853	9.862	9.976	9.981	10.103
9.370	9.652	9.706	9.772	9.875	9.932	10.045	10.076	10.210
9.320	9.579	9.611	9.655	9.781	9.802	9.915	9.947	10.099
9.390	9.642	9.631	9.698	9.812	9.845	9.971	9.988	10.139
9.360	9.589	9.557	9.613	9.716	9.762	9.874	9.906	10.040
9.410	9.684	9.641	9.730	9.844	9.877	9.977	10.023	10.158
9.350	9.589	9.611	9.721	9.800	9.846	9.946	9.978	10.127
9.300	9.537	9.591	9.745	9.846	9.879	9.991	10.036	10.154
9.340	9.537	9.591	9.745	9.858	9.878	9.990	10.035	10.168
9.380	9.589	9.643	9.830	9.943	9.975	10.087	10.146	10.280
9.180	9.506	9.527	9.682	9.783	9.791	9.904	9.963	10.112
9.190	9.537	9.548	9.713	9.780	9.789	9.915	9.974	10.108
9.150	9.506	9.495	9.639	9.740	9.749	9.874	9.947	10.096
9.180	9.506	9.484	9.529	9.667	9.675	9.813	9.872	10.019
9.220	9.527	9.473	9.540	9.666	9.675	9.813	9.858	10.037
9.270	9.537	9.462	9.463	9.602	9.599	9.750	9.808	10.004
9.270	9.537	9.462	9.463	9.602	9.599	9.750	9.808	10.004
9.460	9.631	9.556	9.579	9.718	9.739	9.864	9.923	10.121
9.460	9.621	9.557	9.601	9.728	9.761	9.887	9.945	10.174
9.450	9.579	9.461	9.507	9.645	9.654	9.792	9.864	10.091
9.470	9.589	9.472	9.528	9.666	9.687	9.812	9.884	10.111
9.480	9.527	9.441	9.486	9.636	9.644	9.782	9.854	10.082
9.540	9.569	9.461	9.507	9.668	9.676	9.814	9.886	10.113
9.330	9.579	9.429	9.453	9.557	9.615	9.753	9.796	10.023
9.230	9.495	9.506	9.572	9.675	9.733	9.870	9.913	10.110
9.100	9.380	9.402	9.512	9.625	9.670	9.820	9.849	10.062
9.150	9.380	9.391	9.457	9.537	9.607	9.757	9.786	9.998
9.090	9.317	9.307	9.384	9.475	9.557	9.681	9.697	9.910
9.130	9.338	9.253	9.287	9.379	9.425	9.562	9.579	9.810
9.030	9.255	9.223	9.256	9.325	9.383	9.507	9.525	9.755
9.120	9.338	9.274	9.330	9.410	9.468	9.605	9.622	9.853
9.160	9.349	9.285	9.340	9.409	9.479	9.616	9.619	9.865
9.150	9.349	9.306	9.329	9.421	9.479	9.603	9.620	9.868
8.940	9.161	9.129	9.261	9.397	9.453	9.576	9.592	9.838
8.920	9.171	9.150	9.282	9.407	9.463	9.599	9.614	9.874
8.960	9.234	9.170	9.291	9.405	9.474	9.597	9.613	9.876
8.980	9.234	9.266	9.288	9.402	9.460	9.596	9.613	9.875
9.030	9.244	9.234	9.267	9.370	9.440	9.589	9.591	9.884
9.010	9.223	9.234	9.267	9.347	9.429	9.566	9.555	9.848
9.010	9.202	9.170	9.182	9.274	9.368	9.504	9.506	9.799
9.060	9.255	9.255	9.299	9.356	9.451	9.523	9.637	9.868
9.080	9.223	9.255	9.277	9.323	9.394	9.480	9.594	9.826
8.970	9.161	9.246	9.223	9.269	9.353	9.426	9.527	9.844
8.960	9.140	9.161	9.249	9.213	9.297	9.384	9.484	9.677
9.000	9.192	9.224	9.312	9.322	9.369	9.443	9.558	9.691
8.980	9.192	9.203	9.302	9.300	9.359	9.446	9.520	9.668
9.000	9.192	9.235	9.355	9.365	9.412	9.486	9.574	9.724
8.950	9.150	9.193	9.325	9.357	9.403	9.489	9.563	9.697
8.950	9.140	9.172	9.326	9.346	9.392	9.466	9.540	9.676
8.920	9.119	9.162	9.260	9.316	9.362	9.423	9.511	9.636
8.920	9.161	9.182	9.314	9.369	9.415	9.463	9.579	9.688
8.880	9.119	9.119	9.229	9.308	9.353	9.388	9.518	9.626
8.890	9.129	9.065	9.198	9.242	9.276	9.324	9.440	9.581
8.850	9.077	9.024	9.112	9.180	9.226	9.274	9.403	9.527
8.910	9.098	9.098	9.175	9.243	9.289	9.337	9.466	9.591
8.910	9.098	9.066	9.176	9.255	9.313	9.360	9.488	9.613
8.870	9.088	9.088	9.186	9.265	9.323	9.370	9.512	9.571
8.890	9.088	9.077	9.165	9.267	9.312	9.372	9.514	9.572
8.890	9.077	9.066	9.100	9.179	9.225	9.273	9.416	9.505
8.850	9.035	8.993	9.015	9.107	9.165	9.212	9.367	9.470
8.850	9.046	8.992	9.026	9.106	9.152	9.213	9.368	9.471
8.940	9.129	9.108	9.130	9.222	9.280	9.327	9.483	9.602
8.880	9.077	9.088	9.121	9.212	9.270	9.317	9.500	9.602
8.850	9.067	9.099	9.142	9.233	9.279	9.340	9.522	9.623
8.770	8.994	9.047	9.068	9.171	9.217	9.290	9.471	9.572
8.820	9.004	9.100	9.132	9.246	9.291	9.364	9.546	9.648
8.770	8.983	9.079	9.122	9.213	9.271	9.343	9.525	9.641
8.740	8.952	9.005	9.070	9.161	9.218	9.291	9.459	9.592
8.730	8.941	9.005	9.071	9.150	9.219	9.279	9.447	9.578
8.770	8.973	8.973	9.061	9.128	9.198	9.296	9.557	9.744
8.760	8.941	8.941	8.996	9.087	9.169	9.279	9.552	9.784
8.770	8.962	8.973	9.039	9.118	9.188	9.285	9.533	9.751
8.770	8.973	8.994	9.060	9.139	9.233	9.317	9.578	9.796
8.760	8.931	8.952	8.974	9.042	9.137	9.221	9.482	9.717
8.810	9.004	8.993	9.081	9.137	9.232	9.316	9.537	9.773
8.780	9.014	9.025	9.080	9.136	9.219	9.317	9.524	9.761
8.810	9.025	9.004	9.037	9.082	9.177	9.249	9.471	9.725
8.860	9.088	9.024	9.057	9.114	9.197	9.282	9.517	9.787
8.920	9.108	9.076	9.033	9.148	9.218	9.291	9.526	9.780
8.900	9.088	9.077	9.011	9.127	9.197	9.282	9.531	9.769
8.930	9.129	9.097	9.032	9.136	9.207	9.305	9.566	9.834
8.860	9.088	9.088	9.033	9.148	9.218	9.316	9.578	9.862
8.940	9.129	9.087	9.054	9.181	9.251	9.349	9.596	9.883
8.940	9.140	9.097	9.032	9.136	9.207	9.305	9.539	9.842
8.930	9.129	9.108	8.999	9.115	9.210	9.358	9.481	9.787
8.940	9.150	9.108	9.031	9.124	9.195	9.293	9.514	9.819
9.040	9.202	9.160	9.072	9.200	9.246	9.332	9.541	9.795
9.060	9.223	9.138	9.117	9.198	9.269	9.354	9.590	9.844
9.040	9.129	9.087	9.032	9.114	9.196	9.282	9.544	9.826
9.050	9.150	9.086	9.065	9.146	9.229	9.314	9.562	9.830
9.210	9.349	9.221	9.189	9.282	9.353	9.439	9.675	9.945
9.240	9.359	9.242	9.166	9.248	9.319	9.393	9.643	9.945
9.330	9.391	9.262	9.187	9.258	9.329	9.403	9.653	9.953
9.360	9.474	9.314	9.217	9.276	9.349	9.422	9.660	9.963
9.360	9.433	9.293	9.196	9.267	9.339	9.413	9.623	9.927
9.380	9.474	9.303	9.173	9.222	9.282	9.370	9.552	9.873
9.390	9.474	9.325	9.183	9.232	9.305	9.392	9.574	9.878
9.390	9.474	9.357	9.248	9.296	9.369	9.455	9.625	9.930
9.360	9.453	9.336	9.249	9.285	9.358	9.458	9.626	9.901
9.310	9.443	9.336	9.238	9.298	9.358	9.457	9.667	9.924
9.280	9.391	9.273	9.208	9.256	9.340	9.426	9.622	9.879
9.320	9.422	9.283	9.164	9.258	9.330	9.441	9.663	9.918
9.300	9.412	9.251	9.121	9.227	9.311	9.422	9.643	9.926
9.300	9.380	9.209	9.090	9.185	9.280	9.378	9.613	9.899
9.310	9.401	9.251	9.165	9.271	9.366	9.477	9.711	9.997
9.290	9.338	9.210	9.146	9.239	9.346	9.457	9.691	9.976
9.290	9.328	9.242	9.155	9.261	9.356	9.466	9.701	9.986
9.260	9.307	9.232	9.145	9.250	9.345	9.456	9.677	9.977
9.260	9.317	9.200	9.135	9.217	9.312	9.423	9.630	9.948
9.240	9.297	9.179	9.071	9.176	9.271	9.369	9.590	9.909
9.270	9.338	9.199	9.102	9.196	9.291	9.389	9.611	9.929
9.270	9.349	9.199	9.135	9.217	9.300	9.386	9.595	9.914
9.270	9.359	9.210	9.123	9.194	9.278	9.364	9.559	9.864
9.240	9.328	9.178	9.081	9.141	9.213	9.312	9.506	9.827
9.280	9.359	9.188	9.124	9.206	9.290	9.375	9.570	9.891
9.290	9.370	9.199	9.124	9.206	9.265	9.364	9.546	9.881
9.280	9.370	9.209	9.123	9.183	9.255	9.354	9.522	9.842
9.310	9.401	9.219	9.134	9.182	9.266	9.352	9.520	9.840
9.320	9.391	9.209	9.112	9.160	9.232	9.319	9.501	9.836
9.320	9.412	9.283	9.197	9.268	9.327	9.414	9.583	9.890
9.260	9.380	9.263	9.176	9.247	9.306	9.406	9.574	9.864
9.220	9.359	9.220	9.112	9.183	9.243	9.228	9.537	9.854
9.150	9.265	9.169	8.951	9.023	9.096	9.144	9.449	9.792
9.160	9.244	9.127	9.106	9.084	9.169	9.230	9.522	9.866
9.190	9.276	9.158	9.094	9.129	9.226	9.286	9.591	9.934
9.150	9.244	9.137	9.095	9.153	9.249	9.309	9.654	9.995
9.090	9.192	9.011	8.980	9.038	9.121	9.194	9.524	9.864
9.090	9.161	8.969	8.927	8.963	9.034	9.108	9.438	9.762
9.230	9.307	9.136	9.094	9.118	9.191	9.264	9.582	9.911
9.230	9.317	9.147	9.115	9.128	9.200	9.287	9.591	9.905
9.360	9.485	9.346	9.336	9.325	9.411	9.497	9.803	10.104
9.340	9.453	9.314	9.305	9.294	9.379	9.466	9.758	10.074
9.320	9.401	9.262	9.176	9.166	9.264	9.350	9.573	9.830
9.250	9.328	9.136	9.083	9.084	9.169	9.231	9.454	9.728
9.250	9.317	9.104	9.051	9.053	9.126	9.200	9.423	9.696
9.130	9.202	8.989	8.958	8.960	9.032	9.119	9.367	9.653
9.130	9.223	8.999	9.002	9.002	9.075	9.161	9.424	9.678
8.980	9.098	8.874	8.865	8.878	8.950	9.011	9.287	9.524
8.660	8.962	8.770	8.805	8.863	8.921	8.982	9.284	9.517
8.800	8.931	8.803	8.750	8.808	8.891	8.964	9.278	9.526
8.810	8.921	8.814	8.760	8.819	8.890	8.963	9.277	9.523
8.920	9.035	8.886	8.877	8.923	8.994	9.055	9.357	9.593
9.040	9.129	8.948	8.851	8.956	9.027	9.100	9.375	9.595
9.040	9.046	8.886	8.789	8.894	8.988	9.048	9.363	9.595
9.020	9.035	8.886	8.800	8.916	8.987	9.059	9.361	9.610
9.040	8.962	8.675	8.547	8.686	8.756	8.816	9.143	9.405
8.910	8.837	8.699	8.777	8.959	9.063	9.158	9.511	9.784
8.620	8.608	8.469	8.646	8.815	8.942	9.036	9.386	9.675
8.370	8.410	8.346	8.499	8.623	8.750	8.870	9.259	9.589
8.520	8.566	8.417	8.593	8.728	8.855	8.988	9.323	9.655
8.520	8.608	8.565	8.675	8.776	8.845	8.979	9.290	9.627
8.510	8.576	8.619	8.695	8.785	8.854	8.989	9.286	9.639
8.440	8.503	8.440	8.560	8.650	8.754	8.888	9.224	9.605
8.410	8.545	8.524	8.677	8.766	8.871	9.004	9.327	9.695
8.330	8.462	8.494	8.603	8.738	8.841	8.987	9.241	9.595
8.360	8.483	8.493	8.591	8.727	8.831	8.963	9.205	9.574
8.340	8.462	8.430	8.518	8.642	8.734	8.867	9.122	9.505
8.200	8.264	8.253	8.352	8.498	8.577	8.697	8.992	9.401
8.170	8.254	8.254	8.374	8.520	8.623	8.780	9.059	9.469
8.130	8.212	8.223	8.342	8.522	8.637	8.793	9.072	9.498
8.100	8.202	8.223	8.375	8.532	8.658	8.815	9.080	9.476
8.060	8.150	8.192	8.333	8.502	8.616	8.772	9.064	9.460
8.040	8.150	8.139	8.237	8.417	8.555	8.711	8.989	9.398
7.950	8.087	8.098	8.250	8.418	8.580	8.748	9.011	9.420
7.900	8.066	8.077	8.229	8.409	8.594	8.774	9.036	9.459
7.810	7.983	7.973	8.179	8.278	8.548	8.739	8.958	9.382
7.790	7.869	7.890	8.053	8.277	8.413	8.605	8.840	9.278
7.850	7.921	7.932	8.073	8.286	8.435	8.614	8.836	9.289
7.920	8.004	8.046	8.166	8.402	8.527	8.720	8.915	9.340
7.930	8.046	8.056	8.187	8.389	8.526	8.719	8.901	9.343
7.910	8.056	8.109	8.217	8.409	8.546	8.752	8.947	9.390
7.900	8.056	8.109	8.261	8.452	8.601	8.794	8.936	9.381
7.910	8.056	8.014	8.166	8.334	8.484	8.677	8.885	9.201
7.890	8.014	7.951	8.082	8.261	8.411	8.616	8.837	9.151
7.900	8.066	8.003	8.134	8.302	8.452	8.657	8.879	9.177
7.860	8.025	8.025	8.166	8.312	8.450	8.655	8.864	9.136
7.860	8.077	8.109	8.304	8.449	8.587	8.793	8.962	9.222
7.880	8.098	8.140	8.270	8.393	8.580	8.747	8.970	9.230
7.770	7.983	8.047	8.144	8.301	8.463	8.631	8.907	9.178
7.760	7.983	8.026	8.123	8.303	8.464	8.632	8.894	9.151
7.510	7.994	8.025	8.156	8.301	8.475	8.655	8.877	9.164
7.800	7.983	7.994	8.124	8.304	8.477	8.669	8.930	9.215
7.790	7.921	7.974	8.017	8.254	8.438	8.642	8.942	9.240
7.680	7.776	7.860	7.957	8.216	8.399	8.602	8.888	9.184
7.630	7.724	7.798	7.873	8.132	8.303	8.519	8.817	9.147
7.590	7.693	7.830	7.861	8.086	8.235	8.439	8.751	9.108
7.680	7.776	7.744	7.831	8.067	8.203	8.395	8.694	9.066
7.670	7.765	7.733	7.853	8.077	8.202	8.393	8.693	9.034
7.660	7.765	7.744	7.918	8.142	8.289	8.481	8.807	9.118
7.640	7.744	7.766	7.917	8.141	8.301	8.492	8.805	9.148
7.530	7.713	7.745	7.907	8.120	8.280	8.483	8.769	9.126
7.460	7.651	7.683	7.823	8.024	8.196	8.399	8.698	9.042
7.470	7.641	7.672	7.835	8.035	8.195	8.399	8.684	9.045
7.500	7.661	7.693	7.899	8.077	8.237	8.440	8.726	9.073
7.380	7.568	7.621	7.772	7.950	8.134	8.349	8.633	8.994
7.420	7.599	7.652	7.857	8.035	8.207	8.423	8.721	9.004
7.280	7.444	7.496	7.658	7.836	8.031	8.258	8.580	8.860
7.390	7.537	7.516	7.722	7.910	8.082	8.334	8.670	8.965
7.390	7.485	7.496	7.734	7.899	8.083	8.310	8.646	8.926
7.460	7.578	7.610	7.848	8.003	8.175	8.415	8.739	9.022
7.420	7.495	7.548	7.754	7.908	8.092	8.320	8.669	8.980
7.250	7.423	7.528	7.755	7.909	8.093	8.333	8.695	9.007
7.180	7.464	7.475	7.702	7.879	8.098	8.337	8.672	8.998
7.260	7.495	7.580	7.818	7.961	8.144	8.385	8.721	9.064
7.190	7.454	7.581	7.840	7.994	8.189	8.429	8.779	9.136
7.340	7.537	7.780	8.082	8.236	8.431	8.685	9.022	9.385
7.240	7.330	7.583	7.895	8.059	8.278	8.530	8.866	9.223
7.350	7.485	7.622	7.914	8.045	8.264	8.517	8.880	9.347
7.300	7.495	7.580	7.818	7.949	8.181	8.420	8.783	9.264
7.270	7.495	7.569	7.861	7.981	8.236	8.488	8.863	9.346
7.180	7.412	7.497	7.778	7.909	8.152	8.415	8.817	9.310
7.200	7.444	7.496	7.799	7.930	8.185	8.448	8.836	9.346
7.250	7.527	7.579	7.926	8.056	8.252	8.505	8.895	9.423
7.060	7.361	7.456	7.812	7.942	8.137	8.402	8.777	9.318
7.120	7.433	7.539	7.874	8.016	8.211	8.476	8.865	9.422
7.040	7.412	7.571	7.938	8.080	8.275	8.552	8.941	9.516
7.160	7.485	7.633	7.968	8.110	8.305	8.583	8.959	9.520
7.090	7.485	7.665	8.065	8.194	8.390	8.668	9.031	9.563
7.090	7.485	7.665	8.054	8.195	8.390	8.656	9.020	9.566
7.110	7.454	7.655	8.000	8.176	8.394	8.622	8.999	9.530
7.080	7.423	7.592	8.003	8.155	8.385	8.612	8.962	9.511
6.830	7.154	7.322	7.765	7.950	8.202	8.440	8.827	9.384
6.870	7.226	7.374	7.882	8.100	8.376	8.626	9.027	9.616
6.730	7.009	7.251	7.725	7.989	8.264	8.537	8.922	9.385
6.670	6.947	7.126	7.610	7.851	8.126	8.399	8.810	9.270
6.800	6.967	7.146	7.642	7.883	8.157	8.456	8.853	9.328
6.900	7.102	7.270	7.767	7.997	8.284	8.558	8.943	9.322
6.890	7.081	7.250	7.681	7.957	8.220	8.494	8.838	9.223
6.890	7.091	7.323	7.765	8.064	8.350	8.624	8.942	9.329
6.910	7.164	7.354	7.774	8.073	8.360	8.647	8.951	9.323
6.910	6.998	7.304	7.713	8.011	8.309	8.595	8.899	9.271
6.990	7.112	7.429	7.838	8.114	8.377	8.614	8.894	9.255
6.950	7.081	7.387	7.818	8.059	8.311	8.536	8.817	9.179
6.880	7.009	7.325	7.777	8.041	8.304	8.541	8.847	9.239
6.810	6.874	7.222	7.662	7.937	8.212	8.460	8.751	9.267
6.800	6.864	7.190	7.685	7.960	8.198	8.460	8.804	9.335
6.790	6.802	7.128	7.623	7.908	8.146	8.432	8.696	9.256
6.790	6.916	7.253	7.759	8.056	8.318	8.554	8.860	9.374
6.790	7.029	7.335	7.907	8.192	8.467	8.704	8.983	9.547
6.580	6.812	7.117	7.688	7.984	8.281	8.529	8.779	9.317
6.530	6.761	7.108	7.700	8.030	8.374	8.608	8.898	9.436
6.460	6.719	7.066	7.680	7.987	8.319	8.566	8.815	9.354
6.430	6.730	7.087	7.733	7.995	8.304	8.551	8.721	9.231
6.450	6.761	7.108	7.765	8.049	8.322	8.570	8.728	9.207
6.500	6.792	7.139	7.753	8.026	8.311	8.509	8.789	9.164
6.540	6.823	7.159	7.763	8.059	8.344	8.554	8.846	9.252
6.520	6.750	7.087	7.668	8.009	8.294	8.504	8.835	9.239
6.600	6.792	7.160	7.763	8.127	8.411	8.634	8.965	9.354
6.570	6.781	7.150	7.742	8.094	8.403	8.637	8.982	9.399
6.560	6.781	7.160	7.741	8.140	8.412	8.647	8.964	9.384
6.620	6.771	7.160	7.796	8.137	8.433	8.681	8.985	9.405
6.600	6.740	7.140	7.797	8.126	8.435	8.669	8.987	9.407
6.540	6.657	7.036	7.638	8.002	8.285	8.532	8.835	9.270
6.520	6.616	7.015	7.607	7.981	8.253	8.500	8.763	9.168
6.570	6.678	7.046	7.583	7.981	8.253	8.500	8.763	9.169
6.520	6.657	6.994	7.520	7.918	8.190	8.411	8.701	9.106
6.520	6.678	7.014	7.552	7.938	8.210	8.432	8.709	9.099
6.540	6.699	7.035	7.573	7.982	8.266	8.512	8.801	9.190
6.550	6.719	7.035	7.605	8.026	8.309	8.556	8.831	9.222
6.470	6.668	6.962	7.499	7.897	8.192	8.439	8.701	9.105
6.460	6.657	6.952	7.500	7.898	8.181	8.427	8.703	9.091
6.450	6.657	6.962	7.499	7.897	8.181	8.427	8.729	9.132
6.450	6.647	6.899	7.458	7.833	8.117	8.375	8.677	9.095
6.440	6.637	6.899	7.458	7.822	8.105	8.377	8.705	9.100
6.430	6.616	6.910	7.469	7.832	8.128	8.412	8.739	9.149
6.370	6.523	6.828	7.462	7.824	8.131	8.414	8.714	9.141
6.460	6.616	6.900	7.469	7.810	8.118	8.401	8.688	9.117
6.510	6.637	6.910	7.501	7.797	8.105	8.401	8.688	9.100
6.460	6.595	6.889	7.459	7.766	8.062	8.433	8.785	9.036
6.460	6.637	6.910	7.490	7.775	8.083	8.455	8.793	9.044
6.480	6.688	7.004	7.595	7.914	8.198	8.583	8.908	9.160
6.550	6.761	7.087	7.679	7.963	8.260	8.634	8.906	9.132
6.600	6.781	7.139	7.709	8.074	8.370	8.743	9.002	9.227
6.600	6.771	7.160	7.720	8.095	8.392	8.765	9.064	9.288
6.590	6.730	7.119	7.591	7.933	8.218	8.578	8.905	9.141
6.730	6.874	7.296	7.790	8.133	8.418	8.679	9.010	9.252
6.730	6.874	7.285	7.801	8.132	8.418	8.679	9.024	9.249
6.690	6.854	7.264	7.802	8.133	8.419	8.679	9.024	9.265
6.710	6.823	7.202	7.674	8.074	8.370	8.642	8.985	9.240
6.720	6.874	7.211	7.673	8.050	8.347	8.620	8.949	9.204
6.730	6.854	7.180	7.599	8.033	8.329	8.601	8.930	9.186
6.710	6.854	7.212	7.674	8.085	8.369	8.654	8.956	9.228
6.760	6.905	7.242	7.694	8.082	8.367	8.653	8.942	9.200
6.780	6.936	7.273	7.725	8.114	8.375	8.648	8.912	9.172
6.720	6.864	7.211	7.674	8.050	8.371	8.656	8.917	9.163
6.730	6.895	7.232	7.716	8.070	8.391	8.676	8.925	9.187
6.630	6.792	7.097	7.537	7.914	8.246	8.530	8.777	9.053
6.680	6.864	7.148	7.589	7.943	8.288	8.584	8.831	9.093
6.650	6.833	7.149	7.589	7.955	8.299	8.608	8.855	9.132
6.680	6.823	7.138	7.590	7.932	8.277	8.586	8.819	9.111
6.690	6.864	7.138	7.589	7.932	8.277	8.586	8.833	9.110
6.680	6.833	7.180	7.631	7.986	8.342	8.652	8.898	9.190
6.600	6.740	7.045	7.442	7.807	8.163	8.496	8.754	9.059
6.600	6.719	7.045	7.399	7.764	8.120	8.466	8.737	9.041
6.600	6.719	7.045	7.409	7.764	8.131	8.465	8.736	9.040
6.640	6.750	7.045	7.377	7.754	8.098	8.456	8.727	9.045
6.640	6.750	7.055	7.409	7.774	8.142	8.488	8.759	9.078
6.660	6.771	7.108	7.494	7.870	8.226	8.585	8.843	9.162
6.600	6.709	7.045	7.442	7.807	8.187	8.558	8.801	9.105
6.560	6.771	6.992	7.400	7.776	8.156	8.463	8.789	9.090
6.610	6.812	7.002	7.410	7.775	8.155	8.475	8.800	9.117
6.530	6.709	6.867	7.242	7.630	7.996	8.316	8.653	9.001
6.620	6.823	7.001	7.367	7.800	8.179	8.499	8.837	9.269
6.580	6.781	6.928	7.294	7.704	8.083	8.428	8.764	9.179
6.560	6.740	6.898	7.273	7.661	8.040	8.397	8.733	9.161
6.600	6.802	6.960	7.346	7.689	8.104	8.424	8.762	9.159
6.590	6.823	7.012	7.409	7.786	8.166	8.474	8.799	9.183
6.520	6.740	6.919	7.305	7.693	8.071	8.366	8.678	9.077
6.500	6.709	6.867	7.231	7.608	7.986	8.268	8.593	8.976
6.580	6.771	6.960	7.325	7.713	8.045	8.340	8.666	9.027
6.510	6.750	6.876	7.285	7.650	7.993	8.276	8.615	8.989
6.610	6.854	7.043	7.430	7.807	8.163	8.434	8.747	9.125
6.590	6.843	6.959	7.357	7.711	8.078	8.374	8.700	9.077
6.660	6.916	7.000	7.452	7.772	8.152	8.436	8.762	9.140
6.630	6.864	6.980	7.388	7.754	8.121	8.404	8.717	9.094
6.570	6.792	6.886	7.295	7.637	8.004	8.287	8.586	8.993
6.590	6.802	6.875	7.284	7.604	7.972	8.254	8.554	8.946
6.640	6.833	6.917	7.326	7.714	8.092	8.375	8.687	9.079
6.640	6.843	6.948	7.357	7.711	8.079	8.399	8.711	9.104
6.620	6.854	6.948	7.368	7.699	8.067	8.388	8.699	9.091
6.690	6.967	7.146	7.534	7.889	8.245	8.554	8.841	9.238
6.570	6.854	7.043	7.430	7.773	8.129	8.450	8.736	9.145
6.520	6.792	6.918	7.305	7.659	8.014	8.347	8.645	9.051
6.480	6.730	6.845	7.221	7.586	7.965	8.297	8.607	9.044
6.540	6.781	6.907	7.283	7.626	8.017	8.375	8.724	9.145
6.570	6.823	6.865	7.209	7.417	7.809	8.166	8.730	9.140
6.570	6.812	6.854	7.209	7.665	7.795	8.154	8.721	9.133
6.130	6.399	6.410	6.785	7.204	7.650	8.065	8.515	9.013
6.320	6.544	6.628	6.992	7.368	7.827	8.219	8.672	9.264
6.430	6.647	6.783	7.181	7.613	8.026	8.419	8.996	9.430
6.220	6.492	6.755	7.378	7.808	8.209	8.603	9.264	9.762
5.880	6.296	6.579	7.234	7.731	8.142	8.535	9.345	9.848
5.940	6.379	6.714	7.348	7.800	8.224	8.618	9.347	9.856
5.980	6.348	6.652	7.317	7.792	8.204	8.597	9.299	9.791
6.160	6.461	6.692	7.423	7.887	8.323	8.704	9.380	9.892
6.150	6.410	6.651	7.306	7.792	8.264	8.657	9.330	9.840
6.180	6.430	6.661	7.316	7.769	8.240	8.633	9.307	9.820
6.180	6.420	6.661	7.251	7.749	8.209	8.602	9.261	9.741
6.180	6.451	6.703	7.326	7.790	8.273	8.667	9.299	9.750
6.080	6.399	6.588	7.200	7.686	8.181	8.560	9.191	9.626
5.990	6.275	6.506	7.106	7.603	8.097	8.476	9.105	9.556
6.360	6.637	6.878	7.535	8.000	8.509	8.891	9.513	9.954
6.310	6.595	6.868	7.503	7.968	8.489	8.896	9.503	9.993
6.260	6.554	6.838	7.483	7.925	8.446	8.865	9.499	9.987
6.280	6.564	6.816	7.473	7.948	8.469	8.888	9.480	9.988
6.290	6.564	6.795	7.473	7.972	8.528	8.960	9.565	10.087
6.320	6.595	6.847	7.525	8.024	8.557	9.002	9.608	10.102
6.380	6.657	6.920	7.609	8.108	8.630	9.063	9.670	10.167
6.400	6.678	6.930	7.631	8.130	8.675	9.121	9.742	10.238
6.380	6.647	6.868	7.568	8.032	8.554	8.999	9.620	10.130
6.350	6.595	6.837	7.548	8.000	8.510	8.955	9.561	10.071
6.480	6.750	7.003	7.616	8.071	8.581	9.015	9.609	10.122
6.490	6.750	6.961	7.629	8.106	8.604	9.037	9.645	10.159
6.530	6.761	7.013	7.670	8.159	8.681	9.115	9.737	10.234
6.560	6.781	7.023	7.692	8.191	8.702	9.097	9.707	10.204
6.540	6.771	7.013	7.681	8.192	8.690	9.112	9.721	10.184
6.480	6.709	6.951	7.608	8.107	8.617	8.999	9.608	10.088
6.490	6.709	6.877	7.513	8.057	8.590	8.971	9.579	10.056
6.510	6.709	6.888	7.512	8.046	8.579	8.973	9.566	10.059
6.470	6.678	6.867	7.459	7.992	8.525	8.919	9.526	10.019
6.410	6.678	6.783	7.407	7.952	8.496	8.902	9.493	10.002
6.390	6.595	6.732	7.367	7.831	8.363	8.782	9.221	9.535
6.560	6.761	6.950	7.553	8.030	8.540	8.922	9.187	9.532
6.530	6.750	6.918	7.543	8.077	8.622	8.991	9.282	9.655
6.490	6.750	6.897	7.511	8.011	8.568	8.962	9.225	9.601
6.240	6.482	6.629	7.306	7.815	8.418	8.822	9.109	9.465
6.190	6.420	6.640	7.285	7.782	8.313	8.705	9.008	9.394
6.260	6.492	6.786	7.409	7.908	8.440	8.846	9.163	9.516
6.310	6.564	6.816	7.483	8.005	8.549	8.955	9.190	9.533
6.300	6.564	6.816	7.462	7.926	8.459	8.865	9.142	9.567
6.220	6.502	6.691	7.488	7.985	8.541	8.807	9.182	9.568
6.200	6.461	7.060	7.574	8.074	8.608	8.875	9.335	9.685
6.100	6.399	7.019	7.706	8.194	8.728	8.982	9.470	9.774
6.170	6.492	7.144	7.788	8.299	8.871	9.137	9.612	9.885
5.970	6.224	6.392	7.490	8.018	8.596	8.872	9.328	9.645
5.980	6.245	6.591	7.537	8.067	8.634	8.912	9.409	9.723
6.030	6.306	6.737	7.706	8.236	8.817	9.082	9.623	9.937
6.010	6.275	6.716	7.707	8.225	8.806	9.071	9.543	9.860
6.030	6.317	6.810	7.780	8.264	8.846	9.124	9.541	9.896
6.040	6.306	6.768	7.803	8.333	8.902	9.154	9.586	9.892
5.960	6.214	6.591	7.625	8.188	8.755	8.994	9.480	9.798
5.940	6.193	6.602	7.679	8.219	8.775	9.039	9.483	9.804
5.690	5.925	6.270	7.301	7.874	8.426	8.689	9.129	9.476
5.720	5.864	6.219	7.238	7.833	8.361	8.624	9.078	9.512
5.730	5.884	6.166	7.175	7.747	8.274	8.550	8.976	9.410
5.720	5.915	6.208	7.238	7.788	8.316	8.567	8.980	9.401
5.830	6.008	6.437	7.501	8.063	8.617	8.881	9.282	9.688
5.610	5.843	6.356	7.440	8.036	8.601	8.876	9.248	9.640
5.380	5.596	6.087	7.299	7.949	8.560	8.821	9.231	9.719
5.400	5.576	5.941	7.141	7.802	8.399	8.711	9.160	9.660
5.330	5.483	5.848	7.037	7.697	8.293	8.604	9.079	9.641
5.340	5.493	5.890	7.046	7.695	8.292	8.590	8.998	9.531
5.350	5.524	5.931	7.110	7.781	8.367	8.652	9.075	9.577
5.370	5.576	6.024	7.236	7.932	8.505	8.804	9.200	9.705
5.360	5.555	5.952	7.163	7.846	8.432	8.730	9.125	9.644
5.340	5.535	5.921	7.153	7.836	8.409	8.695	9.173	9.596
5.310	5.504	5.879	7.111	7.783	8.344	8.617	8.972	9.493
5.340	5.524	5.952	7.163	7.846	8.372	8.633	9.003	9.525
5.380	5.586	6.045	7.268	7.975	8.537	8.798	9.099	9.609
5.350	5.545	5.994	7.238	7.921	8.471	8.732	9.115	9.605
5.350	5.545	6.004	7.237	7.921	8.471	8.732	9.102	9.606
5.380	5.596	6.066	7.322	8.017	8.555	8.817	9.187	9.680
5.310	5.493	5.900	7.089	7.806	8.331	8.579	8.976	9.478
5.370	5.565	5.962	7.195	7.844	8.442	8.690	9.114	9.631
5.390	5.555	5.868	7.068	7.751	8.323	8.597	9.046	9.575
5.380	5.555	5.878	7.089	7.749	8.334	8.582	9.033	9.545
5.390	5.596	6.014	7.258	7.896	8.483	8.744	9.168	9.684
5.340	5.535	5.973	7.195	7.833	8.407	8.668	9.091	9.592
5.360	5.545	5.962	7.195	7.844	8.418	8.692	9.129	9.646
5.300	5.483	5.859	7.058	7.718	8.291	8.564	9.000	9.531
5.300	5.493	5.858	7.080	7.740	8.312	8.573	9.023	9.570
5.270	5.463	5.786	6.996	7.678	8.250	8.485	8.948	9.509
5.290	5.442	5.797	6.941	7.601	8.173	8.408	8.871	9.430
5.180	5.339	5.641	6.742	7.479	8.049	8.296	8.757	9.328
5.230	5.360	5.714	6.815	7.485	8.080	8.327	8.788	9.378
5.250	5.380	5.724	6.825	7.473	8.056	8.303	8.752	9.326
5.240	5.380	5.735	6.868	7.493	8.065	8.312	8.775	9.350
5.280	5.452	5.838	6.994	7.631	8.192	8.440	8.890	9.451
5.250	5.422	5.859	7.015	7.562	8.123	8.384	8.821	9.381
5.250	5.432	5.797	6.963	7.566	8.138	8.386	8.836	9.381
5.330	5.463	5.838	6.994	7.608	8.157	8.405	8.842	9.405
5.320	5.493	5.932	7.077	7.715	8.276	8.525	8.962	9.527
5.300	5.473	5.911	7.078	7.693	8.254	8.503	8.940	9.505
5.290	5.483	6.026	7.118	7.756	8.330	8.591	9.028	9.564
5.290	5.504	6.005	7.097	7.735	8.248	8.511	8.949	9.484
5.230	5.401	5.787	6.855	7.504	8.004	8.290	8.739	9.316
5.340	5.535	5.983	7.043	7.670	8.183	8.458	8.882	9.463
5.290	5.514	6.004	7.053	7.680	8.170	8.432	8.857	9.407
5.280	5.473	5.942	6.947	7.585	8.074	8.362	8.785	9.364
5.320	5.483	5.911	6.894	7.544	8.032	8.307	8.730	9.308
5.320	5.504	5.952	6.914	7.553	8.042	8.317	8.740	9.334
5.290	5.483	5.953	6.893	7.554	8.055	8.342	8.778	9.372
5.270	5.473	5.911	6.883	7.544	8.057	8.343	8.779	9.291
5.220	5.422	5.859	6.788	7.449	7.961	8.247	8.696	9.186
5.240	5.442	5.870	6.809	7.470	7.970	8.257	8.705	9.195
5.300	5.514	5.963	6.936	7.597	8.097	8.385	8.835	9.312
5.300	5.504	5.973	6.957	7.618	8.131	8.418	8.841	9.318
5.270	5.463	5.922	6.926	7.553	8.054	8.341	8.777	9.238
5.260	5.463	5.942	6.915	7.463	7.964	8.252	8.702	9.164
5.260	5.463	5.848	6.821	7.470	7.970	8.256	8.692	9.153
5.290	5.493	5.890	6.841	7.501	7.990	8.277	8.713	9.172
5.340	5.555	5.983	6.935	7.562	8.039	8.302	8.753	9.214
5.340	5.545	5.920	6.883	7.509	7.986	8.262	8.725	9.185
5.360	5.565	5.962	6.903	7.507	7.985	8.248	8.712	9.172
5.350	5.555	5.983	6.913	7.518	7.983	8.246	8.711	9.156
5.320	5.545	6.014	6.955	7.560	8.050	8.300	8.779	9.225
5.300	5.483	5.838	6.832	7.424	7.913	8.175	8.638	9.111
5.320	5.535	6.004	6.999	7.524	8.003	8.266	8.718	9.196
5.320	5.535	6.077	7.116	7.641	8.108	8.359	8.813	9.276
5.330	5.545	6.088	7.126	7.652	8.119	8.370	8.837	9.285
5.290	5.504	6.036	7.096	7.632	8.075	8.326	8.793	9.257
5.290	5.514	6.067	7.127	7.675	8.142	8.405	8.858	9.323
5.270	5.535	6.193	7.307	7.856	8.323	8.575	9.016	9.466
5.130	5.432	6.121	7.311	7.858	8.301	8.553	8.953	9.391
5.140	5.432	6.079	7.279	7.815	8.258	8.510	8.923	9.427
5.100	5.370	6.017	7.228	7.752	8.206	8.445	8.858	9.376
5.050	5.309	5.924	7.123	7.669	8.111	8.362	8.787	9.335
5.130	5.391	6.090	7.269	7.827	8.282	8.520	8.934	9.468
5.090	5.391	6.048	7.237	7.762	8.192	8.406	8.821	9.323
5.140	5.452	6.110	7.289	7.814	8.233	8.447	8.836	9.325
5.130	5.452	6.089	7.236	7.760	8.203	8.417	8.765	9.232
5.150	5.504	6.246	7.404	7.918	8.338	8.540	8.876	9.347
5.080	5.442	6.205	7.319	7.844	8.252	8.454	8.790	9.261
5.120	5.473	6.277	7.392	7.918	8.338	8.540	8.849	9.306
5.070	5.463	6.257	7.382	7.907	8.280	8.558	8.852	9.250
5.090	5.442	6.215	7.286	7.789	8.149	8.377	8.700	9.182
5.070	5.432	6.163	7.244	7.769	8.153	8.393	8.714	9.196
5.060	5.452	6.215	7.351	7.842	8.238	8.453	8.789	9.258
5.050	5.442	6.215	7.340	7.808	8.205	8.446	8.794	9.246
5.070	5.473	6.215	7.340	7.820	8.228	8.468	8.803	9.287
5.060	5.442	6.089	7.225	7.693	8.112	8.340	8.687	9.185
5.080	5.432	6.069	7.171	7.651	8.058	8.298	8.659	9.155
5.060	5.422	6.100	7.170	7.639	8.035	8.275	8.622	9.121
5.020	5.350	5.996	7.088	7.567	7.950	8.178	8.538	9.050
5.020	5.360	6.059	7.140	7.608	8.003	8.243	8.591	9.119
4.970	5.339	5.986	7.055	7.535	7.942	8.169	8.529	9.072
4.980	5.329	6.007	7.087	7.567	7.962	8.202	8.588	9.115
4.980	5.309	5.987	7.056	7.535	7.930	8.170	8.556	9.082
5.010	5.329	5.924	7.025	7.492	7.887	8.127	8.527	9.066
5.030	5.339	5.923	7.014	7.482	7.877	8.116	8.516	9.057
5.070	5.380	5.986	7.088	7.567	7.962	8.202	8.589	9.145
5.050	5.309	5.945	7.068	7.569	7.964	8.216	8.629	9.186
5.050	5.278	5.851	7.006	7.518	7.924	8.163	8.575	9.145
5.060	5.298	5.872	7.027	7.539	7.945	8.184	8.597	9.151
5.070	5.309	5.882	7.037	7.538	7.956	8.195	8.595	9.149
5.060	5.288	5.872	7.038	7.539	7.945	8.171	8.544	9.100
5.050	5.268	5.904	7.037	7.448	7.855	8.095	8.494	9.064
5.080	5.288	5.830	6.931	7.432	7.850	8.089	8.487	9.042
5.100	5.288	5.809	6.888	7.389	7.807	8.046	8.444	9.029
5.160	5.370	5.902	6.982	7.484	7.938	8.164	8.549	9.136
5.130	5.329	5.850	6.930	7.420	7.897	8.123	8.494	9.081
5.140	5.329	5.850	6.897	7.388	7.829	8.068	8.466	9.053
5.130	5.350	5.871	6.929	7.431	7.884	8.123	8.521	9.108
5.140	5.319	5.819	6.866	7.367	7.821	8.071	8.469	9.070
5.120	5.298	5.799	6.845	7.358	7.823	8.061	8.471	9.055
5.130	5.309	5.798	6.845	7.358	7.811	8.049	8.473	9.087
5.130	5.350	5.955	7.046	7.592	7.987	8.226	8.639	9.242
5.050	5.237	5.789	6.911	7.445	7.863	8.114	8.538	9.137
5.060	5.237	5.726	6.848	7.371	7.788	8.039	8.476	9.105
5.070	5.257	5.831	6.942	7.465	7.883	8.134	8.586	9.217
5.030	5.268	5.883	7.005	7.529	7.899	8.164	8.603	9.220
4.970	5.196	5.779	6.912	7.446	7.804	8.056	8.507	9.122
4.920	5.134	5.696	6.807	7.318	7.640	7.905	8.329	8.956
4.950	5.196	5.831	6.964	7.465	7.752	8.018	8.444	9.074
4.920	5.155	5.738	6.859	7.359	7.647	7.912	8.337	8.979
4.910	5.145	5.675	6.785	7.286	7.584	7.862	8.286	8.927
4.900	5.124	5.665	6.754	7.254	7.541	7.830	8.254	8.911
4.920	5.155	5.728	6.816	7.317	7.592	7.870	8.295	8.967
4.940	5.155	5.728	6.827	7.316	7.604	7.881	8.292	8.966
4.940	5.155	5.748	6.826	7.316	7.591	7.869	8.294	8.969
4.970	5.155	5.748	6.859	7.314	7.578	7.869	8.281	8.971
4.960	5.186	5.685	6.763	7.241	7.517	7.807	8.204	8.909
4.950	5.155	5.644	6.711	7.177	7.465	7.754	8.151	8.855
4.960	5.165	5.727	6.795	7.194	7.482	7.797	8.194	8.883
4.990	5.134	5.676	6.742	7.164	7.452	7.754	8.151	8.853
5.040	5.227	5.768	6.793	7.226	7.515	7.817	8.228	8.931
5.000	5.206	5.737	6.761	7.206	7.494	7.797	8.207	8.926
4.960	5.165	5.654	6.667	7.089	7.389	7.678	8.115	8.830
5.250	5.463	5.995	7.032	7.478	7.779	8.058	8.498	9.241
5.260	5.452	5.974	6.957	7.403	7.752	8.030	8.456	9.249
5.260	5.452	5.922	6.916	7.384	7.720	7.998	8.424	9.216
5.260	5.442	5.943	6.915	7.384	7.720	7.998	8.423	9.214
5.250	5.422	5.870	6.853	7.321	7.657	7.922	8.347	9.108
5.250	5.411	5.807	6.768	7.225	7.549	7.827	8.238	9.010
5.430	5.596	6.014	6.966	7.367	7.705	7.983	8.357	9.119
5.440	5.586	6.003	6.934	7.347	7.684	7.962	8.335	9.099
5.480	5.596	5.972	6.891	7.293	7.642	7.920	8.267	9.044
5.500	5.637	6.076	6.985	7.376	7.714	7.992	8.353	9.117
5.510	5.637	6.065	6.996	7.364	7.702	7.994	8.341	9.105
5.510	5.617	6.076	6.964	7.433	7.758	8.037	8.384	9.165
5.480	5.576	5.993	6.891	7.360	7.697	7.987	8.307	9.188
5.500	5.576	5.962	6.859	7.329	7.677	7.967	8.286	9.073
5.620	5.720	6.148	7.079	7.538	7.887	8.042	8.380	9.189
5.600	5.699	6.096	7.049	7.507	7.856	8.060	8.278	9.071
5.640	5.720	6.043	7.039	7.441	7.861	8.040	8.283	9.062
5.650	5.709	6.002	6.965	7.378	7.917	8.105	8.438	8.964
5.670	5.699	6.075	7.017	7.419	7.946	8.148	8.494	9.016
5.850	6.008	6.363	7.070	7.385	7.914	8.118	8.493	9.015
5.860	6.039	6.468	7.077	7.483	8.013	8.216	8.578	9.147
5.850	6.018	6.374	6.972	7.412	7.964	8.154	8.502	9.024
5.850	5.987	6.301	6.889	7.305	7.869	8.071	8.418	8.952
5.950	6.090	6.362	6.875	7.293	7.845	8.047	8.275	8.828
5.890	6.028	6.332	6.823	7.263	7.885	8.099	8.404	8.950
5.920	6.059	6.321	6.801	7.230	7.853	8.066	8.372	8.860
6.160	6.296	6.621	7.081	7.534	8.172	8.385	8.692	9.187
6.200	6.358	6.673	7.176	7.595	8.234	8.448	8.769	9.280
6.200	6.389	6.672	7.176	7.606	8.245	8.459	8.767	9.295
6.160	6.327	6.568	7.028	7.470	8.095	8.322	8.642	9.181
6.186	6.334	6.559	6.969	7.402	8.021	8.250	8.582	9.117
6.210	6.336	6.530	6.927	7.332	7.949	8.181	8.529	9.067
6.323	6.415	6.577	6.940	7.355	7.971	8.210	8.633	9.173
6.470	6.617	6.872	7.165	7.598	8.216	8.444	8.870	9.442
6.529	6.682	6.865	7.159	7.546	8.102	8.340	8.748	9.337
6.577	6.723	6.935	7.166	7.569	8.123	8.362	8.783	9.371
6.564	6.715	7.020	7.311	7.735	8.298	8.517	8.936	9.520
6.659	6.851	7.151	7.452	7.877	8.302	8.527	8.906	9.515
6.599	6.747	6.997	7.205	7.629	8.065	8.302	8.719	9.337
6.699	6.828	7.052	7.213	7.602	8.058	8.306	8.750	9.384
6.719	6.836	7.040	7.160	7.516	7.988	8.237	8.702	9.365
6.917	7.006	7.160	7.235	7.559	7.937	8.212	8.681	9.375
7.039	7.101	7.376	7.502	7.871	8.244	8.474	8.938	9.604
6.834	6.896	7.140	7.406	7.600	8.182	8.296	8.591	9.443
6.966	7.045	7.350	7.633	7.819	8.390	8.503	8.765	9.547
6.957	7.047	7.328	7.596	7.752	8.286	8.367	8.608	9.355
7.194	7.279	7.526	7.810	7.971	8.409	8.556	8.786	9.458
7.177	7.241	7.479	7.726	7.878	8.323	8.461	8.692	9.337
7.224	7.314	7.688	7.950	8.077	8.521	8.618	8.814	9.361
7.124	7.243	7.603	7.907	8.055	8.488	8.584	8.799	9.348
7.121	7.254	7.675	7.975	8.167	8.625	8.715	8.944	9.499
7.131	7.269	7.614	7.920	8.102	8.565	8.671	8.896	9.452
7.098	7.216	7.510	7.764	7.949	8.403	8.517	8.729	9.297
7.126	7.255	7.574	7.808	7.997	8.452	8.569	8.801	9.378
7.106	7.245	7.563	7.836	8.019	8.467	8.591	8.817	9.412
7.303	7.437	7.696	7.987	8.137	8.590	8.722	8.924	9.535
7.321	7.448	7.710	7.988	8.109	8.555	8.700	8.904	9.530
7.299	7.477	7.815	8.052	8.279	8.730	8.871	9.213	9.837
7.471	7.613	7.875	8.153	8.379	8.838	8.981	9.310	9.925
7.478	7.588	7.863	8.090	8.294	8.626	8.785	9.118	9.567
7.480	7.600	7.891	8.084	8.298	8.618	8.794	9.122	9.574
7.470	7.600	7.888	8.105	8.285	8.607	8.778	9.124	9.566
7.444	7.551	7.755	7.941	8.097	8.391	8.572	8.916	9.396
7.453	7.562	7.832	7.976	8.130	8.410	8.580	8.920	9.403
7.604	7.708	7.956	8.096	8.260	8.535	8.708	9.068	9.540
7.621	7.748	8.004	8.163	8.333	8.610	8.763	9.122	9.609
7.478	7.614	7.917	8.083	8.250	8.521	8.661	9.000	9.481
7.299	7.428	7.709	7.881	8.034	8.283	8.422	8.755	9.211
7.260	7.384	7.703	7.889	8.069	8.311	8.444	8.765	9.223
7.260	7.363	7.663	7.795	7.978	8.209	8.329	8.632	9.092
7.251	7.365	7.647	7.762	7.940	8.159	8.276	8.577	9.034
7.296	7.397	7.700	7.829	7.997	8.207	8.323	8.594	9.062
7.197	7.297	7.538	7.646	7.804	8.126	8.309	8.523	9.048
7.241	7.343	7.621	7.703	7.901	8.216	8.382	8.613	9.132
7.130	7.217	7.463	7.534	7.717	8.052	8.216	8.460	8.981
7.307	7.413	7.651	7.729	7.908	8.231	8.404	8.649	9.189
7.274	7.359	7.572	7.662	7.819	8.111	8.274	8.503	8.881
7.432	7.509	7.753	7.813	7.935	8.229	8.380	8.633	9.002
7.487	7.575	7.818	7.941	8.082	8.388	8.530	8.806	9.160
7.474	7.553	7.805	7.901	8.068	8.406	8.513	8.775	9.147
7.441	7.520	7.683	7.750	7.907	8.261	8.377	8.670	8.919
7.405	7.487	7.630	7.668	7.820	8.172	8.294	8.630	8.900
7.473	7.551	7.738	7.799	8.002	8.362	8.500	8.801	9.050
7.434	7.500	7.666	7.713	7.905	8.265	8.426	8.722	8.985
7.451	7.518	7.715	7.749	7.957	8.314	8.461	8.755	9.021
7.477	7.549	7.743	7.797	7.951	8.309	8.445	8.727	8.982
7.521	7.616	7.766	7.799	7.956	8.309	8.429	8.739	8.993
7.562	7.654	7.837	7.874	8.036	8.379	8.499	8.790	9.030
7.437	7.524	7.681	8.015	8.179	8.539	8.660	8.968	9.225
7.458	7.558	7.739	8.066	8.230	8.598	8.727	9.046	9.319
7.405	7.536	7.790	8.115	8.296	8.681	8.827	9.120	9.394
7.356	7.497	7.733	8.071	8.257	8.635	8.783	9.103	9.365
7.430	7.593	7.881	8.274	8.477	8.883	9.032	9.335	9.596
7.292	7.395	7.700	8.094	8.322	8.739	8.902	9.195	9.453
7.293	7.406	7.775	8.190	8.459	8.892	9.055	9.313	9.592
7.194	7.290	7.557	7.815	8.051	8.467	8.633	8.911	9.210
7.282	7.408	7.787	8.059	8.296	8.714	8.866	9.206	9.517
7.219	7.356	7.686	7.984	8.242	8.653	8.807	9.070	9.371
7.237	7.385	7.691	7.987	8.240	8.651	8.813	9.090	9.367
7.153	7.281	7.484	7.830	8.048	8.456	8.628	8.896	9.129
7.176	7.300	7.488	7.798	8.027	8.441	8.618	8.927	9.159
7.124	7.232	7.430	7.717	7.963	8.387	8.570	8.915	9.181
7.100	7.179	7.356	7.616	7.858	8.256	8.439	8.794	9.069
7.082	7.160	7.311	7.593	7.833	8.248	8.436	8.807	9.093
7.024	7.130	7.244	7.521	7.761	8.167	8.359	8.721	9.027
7.014	7.162	7.331	7.654	7.909	8.340	8.538	8.879	9.175
6.930	7.114	7.290	7.617	7.873	8.332	8.545	8.862	9.159
6.924	7.073	7.273	7.621	7.866	8.309	8.518	8.855	9.160
6.731	6.898	7.174	7.624	7.860	8.279	8.425	8.805	9.099
6.732	6.904	7.192	7.608	7.799	8.152	8.265	8.638	8.842
6.677	6.836	7.141	7.578	7.746	8.093	8.203	8.519	8.757
6.696	6.857	7.153	7.584	7.773	8.118	8.226	8.559	8.747
6.696	6.856	7.130	7.524	7.723	8.100	8.216	8.561	8.767
6.703	6.874	7.158	7.492	7.717	8.105	8.216	8.555	8.782
6.726	6.908	7.269	7.670	7.941	8.344	8.467	8.828	9.025
6.678	6.848	7.206	7.611	7.866	8.269	8.399	8.745	8.943
6.664	6.834	7.189	7.589	7.848	8.234	8.365	8.703	8.887
6.609	6.784	7.150	7.544	7.791	8.186	8.319	8.634	8.805
6.608	6.786	7.180	7.634	7.904	8.305	8.436	8.760	8.893
6.546	6.723	7.168	7.659	7.936	8.349	8.478	8.798	8.926
6.479	6.663	7.090	7.624	7.907	8.325	8.439	8.750	8.879
6.441	6.627	7.052	7.560	7.835	8.258	8.374	8.701	8.828
6.440	6.608	6.975	7.449	7.736	8.144	8.260	8.574	8.716
6.447	6.640	7.119	7.597	7.949	8.356	8.478	8.822	8.922
6.448	6.645	7.089	7.599	7.925	8.357	8.486	8.822	8.912
6.356	6.541	6.947	7.465	7.763	8.212	8.356	8.670	8.781
6.354	6.556	6.925	7.474	7.800	8.263	8.381	8.690	8.791
6.284	6.480	6.834	7.371	7.695	8.161	8.286	8.597	8.704
6.258	6.447	6.742	7.299	7.627	8.074	8.189	8.521	8.642
6.263	6.452	6.760	7.307	7.636	8.061	8.184	8.509	8.647
6.239	6.412	6.686	7.169	7.503	7.940	8.073	8.402	8.584
6.259	6.444	6.696	7.155	7.462	7.888	8.025	8.354	8.546
6.272	6.458	6.737	7.206	7.503	7.924	8.046	8.377	8.573
6.251	6.435	6.723	7.178	7.468	7.884	8.007	8.328	8.537
6.247	6.431	6.698	7.149	7.442	7.877	7.993	8.315	8.538
6.266	6.461	6.718	7.187	7.478	7.909	8.041	8.385	8.613
6.293	6.478	6.766	7.265	7.556	8.001	8.135	8.486	8.723
6.266	6.469	6.734	7.215	7.508	7.959	8.094	8.434	8.691
6.285	6.474	6.757	7.148	7.419	7.856	8.015	8.354	8.632
6.320	6.500	6.692	7.131	7.375	7.807	7.965	8.309	8.592
6.291	6.483	6.698	7.122	7.367	7.802	7.951	8.288	8.567
6.261	6.531	6.728	7.144	7.381	7.833	7.984	8.306	8.596
6.300	6.529	6.695	7.117	7.372	7.841	7.981	8.278	8.574
6.301	6.519	6.689	7.118	7.368	7.831	7.967	8.273	8.574
6.292	6.492	6.640	7.066	7.307	7.778	7.934	8.231	8.547
6.225	6.445	6.553	6.939	7.212	7.677	7.835	8.133	8.463
6.271	6.443	6.573	6.950	7.208	7.664	7.818	8.130	8.465
6.297	6.454	6.581	6.971	7.231	7.692	7.853	8.144	8.488
6.298	6.465	6.575	6.961	7.220	7.684	7.851	8.152	8.494
6.331	6.507	6.713	7.171	7.457	7.964	8.132	8.433	8.741
6.306	6.482	6.677	7.119	7.417	7.916	8.097	8.386	8.686
6.267	6.471	6.682	7.144	7.453	7.956	8.137	8.402	8.697
6.222	6.415	6.610	7.056	7.363	7.862	8.049	8.317	8.611
6.198	6.385	6.614	7.022	7.350	7.869	8.053	8.304	8.594
6.162	6.350	6.609	7.112	7.454	8.011	8.195	8.450	8.715
6.109	6.280	6.469	6.963	7.344	7.900	8.104	8.368	8.622
6.103	6.281	6.484	6.984	7.324	7.861	8.060	8.324	8.606
6.077	6.257	6.452	6.914	7.251	7.779	7.966	8.240	8.539
6.022	6.199	6.372	6.843	7.186	7.734	7.913	8.177	8.470
6.004	6.186	6.397	6.853	7.209	7.756	7.932	8.202	8.486
6.006	6.169	6.360	6.807	7.194	7.764	7.940	8.097	8.408
6.019	6.170	6.366	6.821	7.165	7.695	7.871	8.138	8.437
6.013	6.159	6.352	6.779	7.106	7.629	7.816	8.077	8.394
6.037	6.195	6.364	6.771	7.075	7.584	7.765	8.037	8.356
6.045	6.212	6.389	6.813	7.121	7.623	7.803	8.067	8.387
6.026	6.198	6.400	6.816	7.122	7.626	7.796	8.062	8.394
6.057	6.181	6.401	6.836	7.149	7.657	7.829	8.107	8.434
6.061	6.196	6.389	6.834	7.155	7.672	7.847	8.121	8.442
6.062	6.210	6.434	6.898	7.219	7.745	7.920	8.188	8.495
6.054	6.156	6.387	6.818	7.145	7.643	7.861	8.138	8.423
6.069	6.192	6.414	6.854	7.178	7.678	7.885	8.154	8.442
6.067	6.205	6.450	6.885	7.222	7.740	7.936	8.197	8.461
6.048	6.179	6.384	6.809	7.125	7.615	7.815	8.081	8.357
6.035	6.184	6.417	6.839	7.199	7.709	7.893	8.158	8.418
6.026	6.162	6.370	6.791	7.137	7.644	7.828	8.094	8.358
6.014	6.144	6.345	6.747	7.090	7.599	7.793	8.061	8.345
6.025	6.163	6.370	6.794	7.144	7.646	7.841	8.118	8.380
6.024	6.137	6.335	6.760	7.099	7.606	7.806	8.083	8.367
6.039	6.168	6.313	6.741	7.059	7.545	7.742	8.027	8.338
6.055	6.209	6.342	6.715	6.999	7.486	7.688	7.986	8.329
6.064	6.183	6.427	6.854	7.145	7.581	7.780	8.126	8.464
6.064	6.202	6.382	6.773	7.078	7.578	7.775	8.092	8.432
6.075	6.186	6.386	6.798	7.084	7.574	7.778	8.065	8.416
6.047	6.187	6.346	6.730	7.016	7.486	7.690	7.959	8.315
6.069	6.211	6.363	6.734	7.010	7.467	7.669	7.950	8.316
6.055	6.197	6.376	6.738	7.002	7.470	7.669	7.967	8.323
6.056	6.189	6.342	6.699	6.957	7.422	7.620	7.906	8.270
6.136	6.267	6.435	6.769	7.019	7.482	7.673	7.972	8.325
6.161	6.294	6.431	6.761	7.000	7.457	7.650	7.933	8.292
6.161	6.295	6.441	6.773	7.002	7.451	7.637	7.903	8.258
6.150	6.274	6.433	6.712	6.933	7.388	7.564	7.839	8.198
6.162	6.308	6.454	6.730	6.940	7.387	7.564	7.845	8.207
6.200	6.325	6.471	6.735	6.949	7.396	7.568	7.855	8.219
6.088	6.224	6.375	6.603	6.823	7.262	7.437	7.727	8.112
6.090	6.214	6.371	6.629	6.854	7.298	7.474	7.760	8.142
5.989	6.115	6.260	6.525	6.752	7.214	7.394	7.701	8.082
5.937	6.053	6.197	6.451	6.671	7.107	7.294	7.592	7.991
5.958	6.079	6.212	6.503	6.719	7.168	7.344	7.656	8.025
6.037	6.172	6.344	6.640	6.850	7.283	7.455	7.741	8.085
6.081	6.230	6.490	6.819	7.048	7.488	7.657	7.945	8.250
5.838	5.968	6.172	6.514	6.757	7.187	7.355	7.644	7.960
5.953	6.091	6.353	6.718	6.979	7.433	7.603	7.892	8.530
5.974	6.105	6.354	6.782	7.061	7.518	7.696	7.964	8.601
5.819	5.956	6.190	6.653	6.963	7.437	7.618	7.896	8.520
5.805	5.931	6.117	6.562	6.882	7.365	7.540	7.847	8.479
5.900	6.041	6.301	6.790	7.115	7.618	7.793	8.095	8.722
5.736	5.864	6.063	6.494	6.801	7.298	7.479	7.783	8.394
5.719	5.850	6.043	6.454	6.766	7.248	7.428	7.749	8.355
5.780	5.899	6.092	6.472	6.792	7.287	7.460	7.783	8.409
5.762	5.900	6.080	6.466	6.775	7.273	7.457	7.788	8.421
5.881	6.020	6.176	6.536	6.853	7.373	7.550	7.880	8.557
5.960	6.086	6.237	6.570	6.864	7.347	7.533	7.851	8.539
5.613	5.712	5.887	6.206	6.942	7.436	7.616	7.945	9.109
5.598	5.708	5.904	6.291	7.034	7.541	7.728	8.064	9.212
5.342	5.445	5.632	5.999	6.760	7.263	7.453	7.779	8.780
5.347	5.451	5.637	6.031	6.796	7.305	7.496	7.828	9.005
5.287	5.393	5.556	5.965	6.746	7.243	7.436	7.736	8.908
5.337	5.439	5.600	5.991	6.762	7.253	7.452	7.744	8.916
5.405	5.509	5.669	6.041	6.806	7.293	7.494	7.794	8.978
5.400	5.516	5.707	6.110	6.849	7.333	7.531	7.825	9.006
5.184	5.357	5.324	5.842	6.524	7.305	7.496	7.766	8.936
5.171	5.357	5.352	5.900	6.584	7.351	7.539	7.803	8.953
5.073	5.254	5.254	5.798	6.475	7.236	7.425	7.675	8.816
5.110	5.307	5.274	5.802	6.483	7.243	7.428	7.678	8.823
5.080	5.275	5.242	5.770	6.451	7.210	7.395	7.645	8.872
5.078	5.276	5.255	5.799	6.478	7.251	7.436	7.664	8.888
5.109	5.310	5.289	5.835	6.515	7.289	7.473	7.699	8.925
4.982	5.168	5.139	5.654	6.366	7.139	7.322	7.559	8.775
4.904	5.089	5.059	5.574	6.286	7.058	7.241	7.477	8.688
4.873	5.057	5.027	5.512	6.256	7.024	7.209	7.445	8.645
4.805	4.977	4.914	5.396	6.080	6.851	7.054	7.315	8.529
4.802	4.983	4.935	5.420	6.092	6.865	7.074	7.332	8.537
4.711	4.839	4.907	5.398	6.079	6.850	7.064	7.321	8.521
4.692	4.810	4.838	5.268	5.942	6.721	6.945	7.217	8.429
4.657	4.774	4.818	5.289	5.954	6.748	6.961	7.245	8.482
4.714	4.832	4.907	5.416	6.076	6.867	7.103	7.381	8.597
4.526	4.650	4.714	5.265	5.923	6.698	6.942	7.200	8.425
4.478	4.569	4.596	5.109	5.754	6.512	6.746	7.027	7.714
4.563	4.667	4.716	5.178	5.797	6.513	6.692	6.995	7.683
4.592	4.718	4.787	5.268	5.849	6.562	6.748	7.029	7.731
4.667	4.784	4.852	5.317	5.906	6.614	6.802	7.072	7.764
4.633	4.779	4.842	5.303	5.887	6.598	6.785	7.040	7.712
4.650	4.786	4.870	5.332	5.901	6.586	6.768	7.022	7.686
4.588	4.744	4.800	5.251	5.796	6.485	6.653	6.919	7.574
4.642	4.779	4.872	5.337	5.899	6.577	6.745	6.978	7.609
4.570	4.664	4.715	5.157	5.712	6.378	6.547	6.796	7.438
4.637	4.733	4.802	5.247	5.790	6.488	6.643	6.913	7.566
4.601	4.705	4.730	5.149	5.689	6.341	6.494	6.765	7.417
4.723	4.830	4.905	5.322	6.024	6.519	6.648	6.901	7.525
4.749	4.847	4.881	5.315	5.994	6.455	6.582	6.843	7.463
4.726	4.823	4.880	5.261	5.994	6.461	6.583	6.844	7.457
4.726	4.824	4.875	5.254	5.998	6.462	6.585	6.846	7.452
4.782	4.881	4.917	5.265	6.036	6.520	6.656	6.967	7.603
4.858	4.959	5.016	5.333	6.075	6.569	6.727	7.033	7.693
4.786	4.853	4.905	5.226	5.949	6.416	6.573	6.859	7.516
4.863	4.943	5.004	5.338	6.035	6.516	6.679	6.958	7.629
4.923	5.005	5.039	5.363	6.081	6.583	6.758	7.047	7.718
4.862	4.933	4.975	5.238	5.976	6.465	6.652	6.935	7.630
4.787	4.872	4.920	5.205	5.901	6.378	6.553	6.850	7.536
4.796	4.871	4.907	5.240	5.947	6.438	6.614	6.929	7.599
4.681	4.753	4.804	5.033	5.605	6.060	6.401	6.945	7.565
4.667	4.729	4.740	4.975	5.542	5.982	6.315	6.867	7.495
4.648	4.709	4.760	4.940	5.487	5.908	6.240	6.792	7.439
4.647	4.728	4.783	5.016	5.582	6.012	6.335	6.811	7.367
4.458	4.514	4.573	4.794	5.351	5.769	6.092	6.579	7.138
4.488	4.566	4.650	4.869	5.421	5.826	6.148	6.624	7.179
4.497	4.586	4.675	4.943	5.513	5.920	6.235	6.698	7.236
4.424	4.511	4.600	4.911	5.513	5.931	6.245	6.700	7.292
4.414	4.500	4.607	4.928	5.562	5.997	6.332	6.811	7.409
4.268	4.351	4.462	4.767	5.408	5.858	6.194	6.693	7.313
4.270	4.363	4.453	4.769	5.416	5.867	6.212	6.707	7.489
4.266	4.369	4.429	4.727	5.350	5.798	6.137	6.626	7.272
4.405	4.501	4.566	4.839	5.448	5.890	6.229	6.713	7.368
4.349	4.454	4.566	4.772	5.429	5.890	6.205	6.720	7.434
4.379	4.526	4.700	4.950	5.625	6.082	6.421	6.944	7.649
4.352	4.520	4.588	4.835	5.546	6.012	6.345	6.879	7.593
4.294	4.488	4.518	4.733	5.432	5.914	6.257	6.777	7.510
4.297	4.441	4.513	4.711	5.427	5.901	6.259	6.786	7.527
4.397	4.565	4.608	4.758	5.465	5.945	6.307	6.781	7.536
4.474	4.655	4.728	4.882	5.611	6.116	6.523	6.995	7.779
4.485	4.646	4.707	4.874	5.613	6.111	6.489	6.995	7.763
4.541	4.692	4.758	4.948	5.730	6.234	6.619	7.110	7.881
4.493	4.632	4.711	4.909	5.680	6.184	6.560	7.034	7.797
4.720	4.876	4.944	4.763	5.537	5.979	6.235	6.837	7.746
4.774	4.921	4.979	4.783	5.549	6.001	6.252	6.859	7.783
4.826	4.984	5.025	4.804	5.550	5.985	6.240	6.867	7.814
4.630	4.784	4.852	4.660	5.432	5.883	6.132	6.759	7.695
4.719	4.885	4.987	4.923	5.780	6.297	6.446	7.013	7.890
4.616	4.776	4.812	4.792	5.634	6.123	6.339	6.840	7.699
4.523	4.692	4.750	4.990	5.725	6.216	6.435	6.801	7.655
4.550	4.722	4.830	5.070	5.814	6.340	6.562	6.923	7.768
4.559	4.727	4.844	5.200	6.008	6.566	6.779	7.142	7.987
4.404	4.568	4.633	4.951	5.756	6.292	6.525	6.883	7.736
4.355	4.511	4.652	4.978	5.771	6.317	6.556	6.919	7.782
4.407	4.565	4.653	5.057	5.846	6.425	6.666	6.984	7.822
4.452	4.625	4.689	5.077	5.884	6.477	6.720	7.055	7.893
4.477	4.636	4.720	5.183	6.026	6.605	6.865	7.171	7.984
4.151	4.299	4.415	5.075	5.729	6.303	6.584	7.470	8.407
4.073	4.214	4.284	4.920	5.533	6.081	6.352	7.264	8.167
4.237	4.425	4.583	5.228	5.802	6.351	6.550	7.495	8.428
4.158	4.365	4.519	5.191	5.763	6.313	6.484	7.442	8.305
4.183	4.370	4.479	5.083	5.645	6.178	6.342	7.301	8.195
4.308	4.519	4.675	5.376	5.962	6.459	6.625	7.563	8.471
4.281	4.471	4.629	5.281	5.887	6.330	6.487	7.399	8.300
4.272	4.472	4.611	5.229	5.826	6.519	6.682	7.588	8.472
4.390	4.592	4.723	5.337	5.932	6.621	6.789	7.704	8.644
4.357	4.578	4.730	5.378	5.982	6.670	6.843	7.760	8.710
4.360	4.571	4.709	5.359	5.970	6.721	6.916	7.852	8.820
4.405	4.618	4.777	5.499	6.157	6.871	7.103	8.039	9.007
4.325	4.537	4.610	5.356	6.043	6.749	6.959	7.893	8.826
4.740	4.885	5.177	5.578	6.146	6.706	7.232	7.760	8.343
4.727	4.881	5.147	5.600	6.107	6.643	7.136	7.674	8.241
4.731	4.874	5.150	5.515	6.006	6.552	7.034	7.569	8.148
4.788	4.933	5.244	5.641	6.160	6.715	7.212	7.722	8.285
4.766	4.922	5.247	5.715	6.232	6.788	7.290	7.763	8.275
4.659	4.792	5.153	5.617	6.122	6.688	7.175	7.641	8.141
4.587	4.691	5.080	5.576	6.076	6.657	7.136	7.598	8.098
4.601	4.717	5.057	5.515	6.031	6.613	7.099	7.560	8.061
4.623	4.743	5.118	5.615	6.143	6.713	7.209	7.662	8.148
4.466	4.594	4.901	5.401	5.867	6.426	6.922	7.357	7.874
4.523	4.653	4.894	5.493	5.972	6.562	7.054	7.474	7.990
4.526	4.657	5.004	5.508	5.968	6.563	7.042	7.466	7.983
4.461	4.613	5.002	5.528	6.038	6.662	7.153	7.587	8.073
4.275	4.398	4.788	5.298	5.812	6.436	6.929	7.361	7.867
4.271	4.405	4.733	5.187	5.696	6.304	6.810	7.247	7.785
4.123	4.253	4.529	4.879	5.640	6.057	6.562	7.198	7.787
4.245	4.379	4.662	5.039	5.835	6.248	6.763	7.403	7.997
4.243	4.376	4.628	4.972	5.739	6.159	6.672	7.321	7.934
4.209	4.320	4.569	4.878	5.615	6.020	6.520	7.174	7.808
4.248	4.382	4.656	4.997	5.751	6.110	6.662	7.282	7.901
4.212	4.324	4.577	4.873	5.592	5.953	6.495	7.163	7.792
4.298	4.420	4.668	4.938	5.663	6.030	6.578	7.267	7.920
4.270	4.382	4.626	4.898	5.618	5.983	6.529	7.227	7.890
4.213	4.335	4.595	4.875	5.610	5.954	6.476	7.141	7.698
4.245	4.357	4.617	4.922	5.649	5.985	6.501	7.164	7.698
4.224	4.346	4.635	4.945	5.673	6.011	6.526	7.169	7.674
4.225	4.376	4.624	4.923	5.670	6.027	6.562	7.217	7.758
4.192	4.323	4.581	4.885	5.631	5.980	6.507	7.164	7.703
4.184	4.315	4.576	4.860	5.585	5.929	6.446	7.087	7.623
4.260	4.394	4.702	4.933	5.645	5.980	6.476	7.114	7.644
4.303	4.428	4.709	4.879	5.572	5.899	6.402	7.050	7.597
4.307	4.433	4.728	4.935	5.637	5.972	6.479	7.126	7.684
4.242	4.365	4.617	4.740	5.433	5.769	6.278	6.921	7.488
4.215	4.338	4.587	4.706	5.405	5.744	6.250	6.902	7.464
3.905	4.021	4.279	4.624	5.332	5.681	6.197	6.860	7.413
3.998	4.138	4.451	4.894	5.642	6.009	6.540	7.211	7.732
3.805	3.941	4.244	4.674	5.253	5.784	6.308	6.976	7.506
3.847	3.981	4.301	4.761	5.354	5.904	6.441	7.118	7.651
3.756	3.899	4.217	4.665	5.251	5.791	6.319	7.009	7.556
3.832	3.967	4.294	4.759	5.357	5.906	6.449	7.134	7.690
3.818	3.953	4.275	4.745	5.321	5.858	6.400	7.063	7.657
3.779	3.913	4.236	4.689	5.277	5.819	6.349	7.026	7.585
3.780	3.915	4.259	4.751	5.357	5.903	6.443	7.136	7.688
3.722	3.844	4.216	4.763	5.356	5.909	6.448	7.131	7.662
3.690	3.833	4.261	4.902	5.488	6.021	6.526	7.185	7.676
3.557	3.688	4.091	4.691	5.290	5.809	6.304	6.963	7.455
3.602	3.736	4.134	4.720	5.319	5.837	6.328	6.981	7.485
3.634	3.754	4.145	4.728	5.311	5.822	6.312	6.954	7.457
3.667	3.778	4.144	4.677	5.254	5.753	6.232	6.878	7.398
3.572	3.692	4.075	4.636	5.397	5.892	6.365	7.006	7.625
3.459	3.577	3.930	4.442	5.183	5.677	6.147	6.783	7.407
3.547	3.649	4.021	4.566	5.303	5.798	6.262	6.902	7.508
3.531	3.628	3.963	4.452	5.186	5.678	6.155	6.782	7.422
3.588	3.697	4.066	4.600	5.357	5.860	6.346	6.982	7.613
3.333	3.448	3.759	4.617	5.360	5.921	6.381	7.001	7.596
3.266	3.381	3.692	4.508	5.248	5.805	6.262	6.875	7.467
3.232	3.357	3.708	4.553	5.290	5.844	6.305	6.923	7.498
3.089	3.209	3.539	4.368	5.100	5.650	6.100	6.716	7.285
3.203	3.326	3.694	4.560	5.300	5.857	6.294	6.904	7.454
3.155	3.299	3.688	4.574	5.321	5.885	6.315	6.926	7.474
3.087	3.221	3.635	4.530	5.280	5.848	6.277	6.877	7.418
3.095	3.239	3.651	4.567	5.317	5.885	6.312	6.906	7.440
3.120	3.261	3.671	4.591	5.403	5.905	6.332	6.926	7.461
3.109	3.252	3.671	4.584	5.358	5.857	6.279	6.867	7.408
3.157	3.270	3.641	4.478	5.255	5.723	6.167	6.747	7.313
3.265	3.370	3.693	4.513	5.265	5.735	6.184	6.766	7.347
3.287	3.403	3.724	4.522	5.274	5.727	6.179	6.765	7.356
3.290	3.393	3.719	4.503	5.237	5.680	6.124	6.705	7.294
3.270	3.384	3.762	4.598	5.343	5.790	6.230	6.809	7.383
3.239	3.332	3.660	4.482	5.225	5.670	6.095	6.679	7.257
3.325	3.431	3.802	4.616	5.353	5.792	6.224	6.804	7.365
3.245	3.362	3.754	4.614	5.356	5.801	6.234	6.806	7.346
3.208	3.320	3.703	4.521	5.271	5.715	6.137	6.723	7.263
3.244	3.378	3.786	4.655	5.389	5.833	6.263	6.838	7.365
3.244	3.379	3.782	4.654	5.390	5.834	6.263	6.836	7.366
3.245	3.382	3.886	4.738	5.489	5.944	6.365	6.942	7.456
3.073	3.230	3.748	4.632	5.384	5.857	6.279	6.855	7.340
3.004	3.151	3.655	4.531	5.296	5.776	6.204	6.785	7.271
2.987	3.134	3.647	4.542	5.312	5.791	6.215	6.798	7.290
2.935	3.081	3.560	4.455	5.235	5.704	6.121	6.690	7.192
2.944	3.086	3.470	4.310	5.079	5.535	5.974	6.549	7.088
3.022	3.159	3.572	4.415	5.190	5.645	6.073	6.655	7.201
3.092	3.233	3.675	4.538	5.323	5.802	6.233	6.817	7.347
2.935	3.065	3.460	4.331	5.114	5.592	6.017	6.608	7.156
2.989	3.109	3.440	4.270	5.042	5.531	5.977	6.561	7.140
3.074	3.196	3.569	4.374	5.152	5.632	6.078	6.662	7.238
3.068	3.201	3.563	4.395	5.163	5.639	6.090	6.677	7.248
3.135	3.256	3.592	4.426	5.187	5.659	6.103	6.691	7.269
3.089	3.210	3.571	4.398	5.155	5.616	6.053	6.625	7.190
3.098	3.199	3.573	4.402	5.157	5.609	6.040	6.599	7.143
3.141	3.254	3.638	4.457	5.211	5.657	6.104	6.666	7.210
3.093	3.217	3.611	4.424	5.187	5.640	6.081	6.641	7.180
3.045	3.160	3.580	4.420	5.211	5.687	6.127	6.697	7.227
3.036	3.149	3.515	4.347	5.100	5.566	6.023	6.586	7.140
3.036	3.150	3.510	4.349	5.100	5.567	6.024	6.585	7.140
3.018	3.142	3.524	4.326	5.059	5.530	5.980	6.541	7.107
3.105	3.241	3.606	4.447	5.194	5.681	6.145	6.729	7.289
3.149	3.257	3.628	4.449	5.215	5.699	6.169	6.767	7.337
3.197	3.296	3.657	4.491	5.259	5.749	6.248	6.796	7.375
3.198	3.296	3.651	4.491	5.260	5.750	6.248	6.795	7.375
3.200	3.312	3.740	4.576	5.389	5.888	6.342	6.954	7.525
3.155	3.269	3.697	4.358	5.112	5.621	5.913	6.577	7.379
3.175	3.289	3.668	4.289	5.036	5.543	5.827	6.485	7.148
3.170	3.313	3.691	4.313	5.041	5.539	5.821	6.475	7.140
3.160	3.295	3.707	4.323	5.053	5.545	5.848	6.482	7.157
3.125	3.227	3.569	4.113	4.754	5.174	5.481	6.130	6.824
3.225	3.320	3.659	4.199	4.843	5.269	5.573	6.231	6.928
3.238	3.339	3.640	4.206	4.837	5.241	5.548	6.212	6.929
3.143	3.245	3.573	4.162	4.784	5.181	5.469	6.116	6.954
3.177	3.282	3.634	4.224	4.847	5.243	5.521	6.155	6.966
2.516	2.612	2.977	4.093	4.728	5.313	5.615	6.212	6.873
2.518	2.616	2.979	4.097	4.732	5.317	5.617	6.214	6.873
2.555	2.650	2.995	4.119	4.770	5.352	5.636	6.285	6.944
2.572	2.654	2.993	4.118	4.761	5.336	5.615	6.137	6.657
2.588	2.670	2.996	4.102	4.732	5.298	5.569	6.089	6.613
2.600	2.684	3.049	4.174	4.725	5.312	5.594	6.120	6.765
2.746	2.822	3.027	4.079	4.741	5.225	5.517	6.043	6.834
2.674	2.749	2.929	3.954	4.611	5.086	5.373	5.896	6.695
2.750	2.835	3.085	4.188	4.854	5.320	5.591	6.105	6.860
2.851	2.948	3.284	4.151	4.826	5.305	5.569	6.086	6.774
2.939	3.038	3.336	4.255	4.878	5.395	5.634	6.158	6.846
3.039	3.130	3.434	4.330	4.963	5.492	5.732	6.265	6.959
3.053	3.141	3.409	4.281	4.913	5.441	5.683	6.213	6.917
3.087	3.187	3.455	4.336	4.975	5.506	5.753	6.279	6.982
3.115	3.216	3.522	4.430	5.070	5.608	5.843	6.363	7.056
3.091	3.192	3.456	4.332	4.960	5.484	5.726	6.240	6.945
3.145	3.237	3.502	4.370	4.984	5.496	5.735	6.254	6.965
3.149	3.239	3.549	4.435	5.055	5.572	5.803	6.320	7.025
3.128	3.219	3.482	4.336	4.995	5.455	5.683	6.215	6.943
3.134	3.225	3.498	4.353	5.006	5.468	5.719	6.236	6.977
3.133	3.214	3.459	4.319	4.961	5.424	5.684	6.204	6.943
3.135	3.217	3.463	4.323	4.964	5.426	5.686	6.205	6.943
3.144	3.234	3.469	4.323	4.972	5.434	5.682	6.216	6.948
3.205	3.298	3.544	4.415	5.065	5.527	5.776	6.299	7.035
3.228	3.310	3.539	4.378	5.034	5.498	5.752	6.275	7.014
3.220	3.312	3.579	4.429	5.088	5.568	5.831	6.338	7.075
3.188	3.270	3.518	4.336	4.983	5.446	5.710	6.224	6.964
3.175	3.256	3.487	4.359	5.012	5.481	5.727	6.247	6.990
3.175	3.247	3.474	4.315	4.865	5.337	5.705	6.227	6.970
3.233	3.306	3.515	4.411	4.937	5.416	5.793	6.321	7.063
3.230	3.294	3.528	4.386	4.904	5.370	5.745	6.257	6.999
3.258	3.316	3.564	4.415	4.932	5.405	5.781	6.287	7.019
3.300	3.371	3.660	4.523	5.045	5.511	5.889	6.274	7.153
3.266	3.337	3.620	4.500	5.027	5.500	5.868	6.260	7.135
3.181	3.250	3.532	4.387	4.915	5.371	5.737	6.121	7.004
3.171	3.219	3.452	4.250	4.741	5.190	5.541	5.925	6.831
3.121	3.165	3.353	4.135	4.713	5.139	5.490	5.891	6.801
3.067	3.122	3.291	4.214	4.774	5.194	5.535	5.935	6.849
3.030	3.085	3.270	4.202	4.759	5.177	5.506	5.913	6.814
3.020	3.075	3.221	4.153	4.697	5.118	5.468	5.864	6.788
3.050	3.106	3.337	4.240	4.798	5.234	5.582	5.970	6.894
3.006	3.082	3.287	4.215	4.764	5.203	5.543	5.928	6.834
2.974	3.039	3.236	4.123	4.656	5.081	5.416	5.807	6.709
3.005	3.091	3.304	4.200	4.742	5.168	5.497	5.898	6.798
2.999	3.075	3.277	4.217	4.779	5.211	5.545	5.946	6.831
2.987	3.072	3.261	4.195	4.761	5.198	5.544	5.948	6.837
2.977	3.061	3.233	4.151	4.709	5.129	5.471	5.868	6.760
2.992	3.066	3.248	4.159	4.707	5.128	5.466	5.869	6.750
2.991	3.066	3.256	4.160	4.707	5.144	5.488	5.895	6.781
3.001	3.076	3.248	4.177	4.725	5.168	5.514	5.933	6.828
3.024	3.091	3.296	4.273	4.831	5.275	5.641	6.053	6.943
2.959	3.026	3.251	4.231	4.798	5.261	5.626	6.039	6.925
2.899	2.962	3.135	4.176	4.746	5.204	5.567	5.976	6.862
2.883	2.946	3.097	4.122	4.674	5.119	5.486	5.893	6.794
2.890	2.975	3.162	4.190	4.752	5.204	5.569	5.970	6.857
2.826	2.922	3.215	4.350	4.962	5.436	5.805	6.215	7.057
2.643	2.757	3.023	4.207	4.839	5.324	5.694	6.097	6.933
2.605	2.715	2.957	4.125	4.746	5.288	6.144	5.956	6.800
2.661	2.772	2.998	4.192	4.816	5.287	5.679	6.059	6.905
2.647	2.759	3.014	4.199	4.840	5.318	5.698	6.096	6.940
2.648	2.761	3.015	4.201	4.842	5.319	5.699	6.095	6.925
2.704	2.817	3.056	4.285	4.932	5.418	5.798	6.197	7.024
2.759	2.891	3.177	4.449	5.106	5.599	5.983	6.382	7.214
2.591	2.774	3.081	4.352	4.978	5.452	5.834	6.222	7.024
2.698	2.985	3.388	4.349	4.797	5.287	5.666	6.302	7.109
2.715	2.972	3.363	4.302	4.747	5.237	5.606	6.255	7.074
2.761	3.019	3.434	4.391	4.844	5.331	5.699	6.345	7.157
2.865	3.142	3.567	4.523	4.975	5.461	5.806	6.451	7.239
2.695	2.970	3.422	4.368	4.809	5.285	5.630	6.244	7.020
2.662	2.959	3.401	4.315	4.754	5.233	5.577	6.192	6.972
2.681	3.000	3.504	4.439	4.886	5.358	5.691	6.299	7.043
2.653	2.961	3.468	4.410	4.857	5.320	5.648	6.253	6.987
2.635	2.933	3.422	4.160	4.619	5.249	5.576	6.189	6.933
2.653	2.949	3.499	4.273	4.761	5.398	5.721	6.324	7.058
2.639	2.905	3.517	4.118	4.801	5.459	5.758	6.362	7.104
2.646	2.943	3.527	4.102	4.794	5.444	5.741	6.334	7.088
2.718	3.008	3.590	4.155	4.839	5.503	5.791	6.390	7.143
2.761	3.045	3.612	4.195	4.907	5.576	5.875	6.477	7.243
2.783	3.070	3.625	4.241	4.950	5.628	5.926	6.540	7.307
2.850	3.160	3.734	4.350	5.050	5.719	5.990	6.600	7.391
2.943	3.317	3.933	4.636	5.351	6.019	6.276	6.854	7.623
2.895	3.278	3.892	4.560	5.290	5.962	6.223	6.813	7.603
2.977	3.375	3.958	4.642	5.350	6.016	6.281	6.862	7.424
3.048	3.451	4.088	4.755	5.502	6.151	6.418	7.014	7.594
3.041	3.487	4.149	4.849	5.591	6.236	6.513	7.083	7.667
3.062	3.518	4.094	4.794	5.531	6.155	6.413	6.982	7.579
3.125	3.548	4.092	4.774	5.498	6.116	6.363	6.925	7.543
3.192	3.635	4.221	4.902	5.620	6.248	6.483	7.061	7.671
3.284	3.746	4.356	5.046	5.773	6.396	6.637	7.212	7.814
