5.610	5.709	5.803	5.973	6.080	6.146	6.283	6.385	6.529
5.620	5.720	5.845	5.972	6.047	6.135	6.296	6.398	6.568
5.740	5.812	5.916	6.118	6.138	6.238	6.364	6.467	6.625
5.640	5.699	5.720	5.996	6.004	6.116	6.241	6.356	6.512
5.620	5.709	5.824	5.993	6.079	6.179	6.293	6.432	6.588
5.660	5.740	5.897	6.087	6.184	6.283	6.409	6.560	6.690
5.690	5.781	5.938	6.139	6.224	6.324	6.474	6.612	6.741
5.660	5.730	5.865	6.024	6.110	6.210	6.347	6.486	6.628
5.530	5.658	5.773	5.910	6.029	6.105	6.231	6.407	6.508
5.520	5.627	5.721	5.805	5.935	6.012	6.126	6.326	6.414
5.530	5.658	5.783	5.920	6.039	6.116	6.218	6.370	6.486
5.530	5.648	5.783	5.920	6.028	6.105	6.219	6.395	6.470
5.450	5.627	5.773	5.963	6.027	6.126	6.252	6.428	6.476
5.430	5.637	5.794	5.963	6.027	6.126	6.252	6.428	6.476
5.330	5.606	5.721	5.912	5.964	6.064	6.178	6.341	6.431
5.390	5.606	5.711	5.859	5.934	6.044	6.135	6.250	6.367
5.440	5.565	5.711	5.774	5.707	5.775	6.077	6.018	6.202
5.350	5.504	5.587	5.767	5.885	5.939	6.111	6.297	6.381
5.310	5.442	5.598	5.746	5.886	5.939	6.123	6.297	6.355
5.420	5.504	5.660	5.754	5.939	5.992	6.118	6.280	6.341
5.390	5.514	5.649	5.765	5.906	5.959	6.109	6.271	6.331
5.510	5.617	5.731	5.847	6.010	6.075	6.201	6.401	6.432
5.510	5.689	5.730	5.911	6.073	6.138	6.263	6.463	6.483
5.480	5.720	5.772	5.931	6.127	6.191	6.316	6.504	6.522
5.430	5.637	5.752	5.932	6.116	6.180	6.341	6.540	6.517
5.400	5.637	5.731	5.922	6.128	6.226	6.292	6.493	6.598
5.410	5.627	5.721	5.901	6.107	6.194	6.283	6.471	6.576
5.410	5.586	5.701	5.870	6.065	6.129	6.231	6.370	6.517
5.420	5.627	5.773	5.963	6.170	6.245	6.288	6.453	6.561
5.410	5.586	5.742	5.943	6.138	6.213	6.268	6.445	6.552
5.430	5.617	5.804	6.037	6.254	6.386	6.392	6.619	6.685
5.450	5.617	5.804	6.037	6.243	6.341	6.418	6.570	6.705
5.420	5.606	5.773	6.028	6.233	6.308	6.374	6.539	6.645
5.420	5.637	5.804	6.048	6.188	6.275	6.329	6.458	6.554
5.470	5.678	5.866	6.142	6.270	6.392	6.434	6.674	6.725
5.490	5.699	5.866	6.163	6.291	6.413	6.455	6.682	6.747
5.530	5.720	5.876	6.099	6.239	6.326	6.404	6.594	6.687
5.590	5.709	5.939	6.214	6.299	6.421	6.511	6.688	6.767
5.590	5.761	5.990	6.287	6.405	6.492	6.594	6.759	6.853
5.610	5.812	6.073	6.445	6.551	6.650	6.752	6.942	7.048
5.630	5.812	6.052	6.392	6.509	6.619	6.710	6.899	6.993
5.660	5.833	6.073	6.424	6.552	6.650	6.776	6.953	7.072
5.620	5.843	5.979	6.362	6.490	6.611	6.701	6.890	7.018
5.560	5.822	6.073	6.392	6.520	6.664	6.754	6.956	7.098
5.570	5.843	6.094	6.412	6.552	6.685	6.786	6.988	7.129
5.570	5.802	6.032	6.329	6.468	6.601	6.691	6.905	7.005
5.580	5.843	6.021	6.307	6.436	6.581	6.670	6.872	6.958
5.550	5.771	5.938	6.225	6.353	6.486	6.564	6.816	6.860
5.530	5.750	5.917	6.204	6.355	6.499	6.564	6.803	6.861
5.520	5.740	5.907	6.204	6.344	6.488	6.577	6.803	6.876
5.470	5.689	5.845	6.110	6.261	6.405	6.471	6.721	6.793
5.440	5.689	5.845	6.089	6.251	6.383	6.449	6.700	6.758
5.400	5.668	5.825	6.058	6.198	6.330	6.408	6.646	6.717
5.340	5.606	5.794	6.080	6.198	6.308	6.409	6.647	6.719
5.320	5.586	5.794	6.102	6.252	6.350	6.451	6.689	6.760
5.380	5.617	5.836	6.143	6.282	6.381	6.494	6.682	6.810
5.370	5.545	5.722	5.997	6.192	6.289	6.390	6.615	6.780
5.380	5.565	5.774	6.060	6.232	6.353	6.454	6.679	6.843
5.360	5.545	5.732	5.986	6.192	6.312	6.437	6.661	6.822
5.390	5.565	5.774	6.039	6.255	6.375	6.488	6.737	6.913
5.340	5.504	5.723	5.987	6.181	6.279	6.404	6.653	6.815
5.370	5.545	5.743	6.018	6.213	6.321	6.470	6.706	6.881
5.300	5.524	5.743	6.040	6.245	6.365	6.501	6.750	6.925
5.280	5.493	5.702	5.966	6.161	6.281	6.417	6.628	6.832
5.310	5.535	5.701	6.030	6.213	6.322	6.470	6.656	6.836
5.300	5.555	5.659	5.967	6.150	6.236	6.408	6.545	6.739
5.310	5.586	5.690	5.977	6.171	6.280	6.428	6.552	6.747
5.300	5.555	5.670	5.956	6.139	6.226	6.362	6.487	6.644
5.250	5.483	5.671	5.967	6.139	6.226	6.398	6.472	6.701
5.230	5.514	5.670	5.988	6.149	6.224	6.385	6.472	6.644
5.180	5.524	5.681	6.031	6.191	6.289	6.449	6.561	6.718
5.190	5.535	5.670	6.041	6.191	6.289	6.473	6.559	6.744
5.190	5.555	5.680	6.041	6.213	6.310	6.494	6.580	6.778
5.220	5.576	5.742	6.103	6.253	6.351	6.559	6.657	6.842
5.220	5.565	5.680	6.020	6.147	6.257	6.465	6.575	6.759
5.290	5.565	5.701	6.040	6.190	6.265	6.473	6.572	6.769
5.230	5.524	5.681	6.041	6.224	6.333	6.433	6.621	6.651
5.280	5.576	5.732	6.114	6.308	6.405	6.518	6.718	6.747
5.310	5.627	5.721	6.125	6.285	6.417	6.530	6.704	6.761
5.360	5.627	5.721	6.114	6.275	6.384	6.508	6.696	6.739
5.370	5.617	5.752	6.092	6.253	6.374	6.486	6.661	6.720
5.460	5.627	5.804	6.112	6.295	6.416	6.528	6.704	6.774
5.390	5.617	5.742	6.050	6.233	6.376	6.465	6.628	6.726
5.490	5.740	5.897	6.183	6.345	6.512	6.612	6.812	6.844
5.520	5.730	5.886	6.173	6.324	6.479	6.604	6.778	6.851
5.530	5.750	5.896	6.215	6.377	6.532	6.656	6.856	6.900
5.540	5.750	5.886	6.237	6.376	6.543	6.667	6.854	6.913
5.540	5.761	5.938	6.321	6.482	6.660	6.784	6.984	7.027
5.530	5.750	5.907	6.322	6.505	6.682	6.794	7.019	7.061
5.510	5.750	5.896	6.279	6.473	6.674	6.774	6.998	7.055
5.520	5.750	5.917	6.322	6.527	6.715	6.839	7.026	7.095
5.510	5.750	5.917	6.311	6.505	6.682	6.759	7.010	7.092
5.500	5.750	5.876	6.259	6.430	6.585	6.674	6.900	6.998
5.590	5.853	6.020	6.446	6.629	6.830	6.894	7.133	7.230
5.560	5.833	5.989	6.394	6.599	6.788	6.876	7.127	7.223
5.570	5.905	6.061	6.488	6.671	6.860	6.948	7.174	7.244
5.510	5.833	6.021	6.468	6.651	6.817	6.905	7.106	7.150
5.510	5.833	6.115	6.476	6.659	6.815	6.915	7.142	7.157
5.500	5.833	6.083	6.402	6.586	6.752	6.805	7.083	7.056
5.510	5.812	6.063	6.360	6.544	6.711	6.763	7.016	7.018
5.540	5.833	6.083	6.381	6.553	6.720	6.761	7.014	7.003
5.540	5.853	6.146	6.475	6.659	6.814	6.879	7.107	7.096
5.540	5.905	6.197	6.548	6.754	6.909	6.962	7.203	7.178
5.540	5.894	6.187	6.527	6.722	6.900	6.941	7.169	7.158
5.540	5.894	6.198	6.527	6.744	6.899	6.952	7.180	7.154
5.590	6.008	6.311	6.662	6.890	7.069	7.109	7.401	7.373
5.560	5.997	6.290	6.652	6.858	7.025	7.113	7.417	7.400
5.490	5.987	6.280	6.663	6.880	7.047	7.123	7.376	7.418
5.470	5.987	6.290	6.663	6.880	7.058	7.110	7.389	7.416
5.480	5.997	6.311	6.673	6.890	7.057	7.097	7.390	7.418
5.490	6.018	6.332	6.704	6.921	7.077	7.117	7.372	7.486
5.480	6.049	6.394	6.767	6.984	7.139	7.204	7.484	7.554
5.530	6.069	6.362	6.800	7.005	7.172	7.236	7.503	7.511
5.600	6.152	6.466	6.828	6.790	7.262	7.323	7.613	7.645
5.510	6.111	6.414	6.766	7.106	7.236	7.252	7.508	7.561
5.580	6.142	6.424	6.787	7.161	7.232	7.261	7.530	7.596
5.490	6.090	6.310	6.715	7.033	7.163	7.203	7.509	7.544
5.480	6.049	6.269	6.631	6.904	7.035	7.076	7.560	7.379
5.520	6.069	6.321	6.704	6.988	7.096	7.137	7.558	7.422
5.550	6.111	6.362	6.746	6.996	7.151	7.203	7.458	7.509
5.590	6.142	6.403	6.787	7.038	7.204	7.244	7.512	7.535
5.540	6.100	6.435	6.873	7.089	7.268	7.344	7.636	7.643
5.520	6.069	6.394	6.831	7.059	7.225	7.290	7.595	7.615
5.610	6.131	6.403	6.852	7.057	7.236	7.300	7.593	7.613
5.620	6.131	6.393	6.809	6.993	7.171	7.236	7.503	7.554
5.650	6.203	6.434	6.829	6.990	7.146	7.236	7.477	7.543
5.600	6.090	6.310	6.640	6.813	6.957	7.047	7.300	7.380
5.610	6.100	6.362	6.746	6.918	7.051	7.141	7.395	7.489
5.630	6.069	6.404	6.670	6.832	7.023	7.100	7.417	7.466
5.640	6.059	6.415	6.659	6.832	7.035	7.100	7.391	7.455
5.550	6.018	6.342	6.650	6.868	7.058	7.146	7.450	7.484
5.480	5.997	6.332	6.662	6.879	7.081	7.144	7.461	7.495
5.570	5.936	6.291	6.610	6.816	6.983	7.071	7.388	7.436
5.600	5.956	6.301	6.631	6.837	7.004	7.092	7.409	7.443
5.630	5.966	6.291	6.567	6.751	6.895	6.996	7.313	7.334
5.590	5.802	6.283	6.547	6.731	6.886	6.987	7.291	7.312
5.610	5.884	6.292	6.589	6.750	6.918	7.019	7.322	7.330
5.610	5.864	6.292	6.578	6.740	6.907	7.008	7.286	7.323
5.570	5.833	6.240	6.505	6.678	6.833	6.947	7.237	7.259
5.530	5.864	6.282	6.503	6.688	6.844	6.945	7.235	7.272
5.520	5.843	6.209	6.441	6.626	6.827	6.916	7.231	7.251
5.470	5.843	6.198	6.463	6.658	6.837	6.925	7.253	7.271
5.510	5.853	6.272	6.568	6.774	6.964	7.052	7.394	7.426
5.580	5.905	6.313	6.609	6.838	7.039	7.115	7.457	7.489
5.620	5.966	6.322	6.619	6.826	7.027	7.128	7.482	7.484
5.630	5.997	6.322	6.608	6.815	7.005	7.105	7.447	7.466
5.640	6.049	6.363	6.650	6.845	7.036	7.136	7.465	7.469
5.670	6.100	6.435	6.733	6.962	7.129	7.242	7.572	7.561
5.690	6.121	6.456	6.743	6.972	7.151	7.263	7.606	7.579
5.750	6.203	6.507	6.794	6.990	7.239	7.351	7.681	7.655
5.830	6.286	6.558	6.846	7.042	7.303	7.415	7.745	7.678
5.770	6.265	6.496	6.805	7.034	7.283	7.395	7.737	7.657
5.740	6.255	6.464	6.741	6.971	7.208	7.320	7.701	7.607
5.840	6.379	6.588	6.920	7.194	7.442	7.529	7.912	7.783
5.940	6.471	6.671	7.024	7.298	7.547	7.671	7.988	7.879
5.960	6.461	6.671	7.013	7.299	7.571	7.694	7.985	7.862
5.930	6.420	6.640	6.971	7.212	7.508	7.705	7.928	7.822
5.810	6.420	6.682	7.078	7.307	7.509	7.720	7.932	7.764
5.750	6.389	6.630	6.994	7.189	7.380	7.603	7.802	7.639
5.780	6.410	6.672	6.992	7.199	7.356	7.579	7.779	7.631
5.860	6.451	6.640	6.939	7.113	7.270	7.517	7.678	7.546
5.810	6.399	6.598	6.919	7.115	7.248	7.508	7.681	7.548
5.800	6.410	6.598	6.919	7.126	7.294	7.553	7.726	7.578
5.880	6.440	6.587	6.897	7.105	7.261	7.508	7.707	7.543
5.950	6.471	6.618	6.918	7.125	7.259	7.518	7.692	7.545
5.930	6.399	6.588	6.866	7.040	7.185	7.420	7.607	7.475
5.900	6.368	6.578	6.802	6.954	7.088	7.336	7.497	7.382
5.920	6.410	6.630	6.810	7.041	7.186	7.397	7.546	7.430
6.010	6.440	6.671	6.938	7.146	7.256	7.443	7.645	7.513
6.000	6.482	6.723	7.011	7.230	7.329	7.528	7.756	7.610
6.060	6.554	6.732	7.021	7.229	7.386	7.561	7.775	7.686
6.030	6.533	6.796	7.084	7.281	7.414	7.626	7.815	7.728
5.980	6.502	6.744	7.043	7.251	7.407	7.606	7.820	7.731
5.980	6.451	6.671	6.938	7.157	7.278	7.490	7.691	7.617
5.990	6.451	6.682	6.948	7.156	7.301	7.488	7.715	7.612
5.890	6.451	6.713	6.980	7.176	7.333	7.532	7.759	7.657
5.880	6.461	6.724	6.979	7.165	7.334	7.520	7.722	7.647
5.870	6.451	6.797	7.042	7.205	7.386	7.548	7.764	7.748
5.800	6.399	6.756	7.000	7.186	7.320	7.483	7.660	7.671
5.830	6.430	6.766	7.000	7.186	7.308	7.483	7.686	7.685
5.980	6.554	6.817	7.062	7.259	7.381	7.520	7.789	7.770
5.910	6.502	6.754	7.010	7.185	7.296	7.447	7.715	7.711
5.870	6.471	6.734	6.990	7.175	7.297	7.424	7.667	7.679
5.840	6.492	6.755	6.978	7.142	7.253	7.416	7.633	7.661
5.870	6.513	6.786	7.020	7.184	7.306	7.458	7.674	7.688
5.980	6.492	6.765	7.032	7.206	7.328	7.480	7.709	7.723
5.990	6.502	6.754	7.021	7.195	7.283	7.471	7.687	7.701
6.000	6.389	6.683	6.917	7.080	7.156	7.332	7.535	7.579
5.990	6.420	6.703	6.937	7.112	7.176	7.328	7.494	7.567
6.020	6.420	6.703	6.959	7.111	7.210	7.350	7.579	7.610
6.080	6.389	6.735	7.033	7.196	7.295	7.447	7.702	7.702
6.030	6.358	6.746	7.055	7.229	7.339	7.490	7.745	7.742
6.060	6.358	6.694	6.992	7.177	7.275	7.402	7.645	7.659
6.080	6.410	6.798	7.107	7.292	7.402	7.517	7.799	7.771
6.050	6.410	6.777	7.075	7.249	7.359	7.474	7.705	7.720
6.050	6.523	6.849	7.180	7.365	7.463	7.591	7.834	7.822
6.010	6.492	6.860	7.201	7.375	7.497	7.612	7.843	7.815
6.020	6.513	6.870	7.212	7.374	7.484	7.612	7.830	7.773
6.010	6.502	6.860	7.190	7.353	7.463	7.591	7.835	7.763
6.010	6.523	6.859	7.179	7.353	7.475	7.590	7.821	7.765
6.030	6.513	6.859	7.179	7.331	7.453	7.593	7.823	7.765
6.190	6.544	6.911	7.242	7.416	7.527	7.666	7.910	7.837
6.220	6.554	6.953	7.295	7.480	7.590	7.791	7.968	7.881
6.240	6.554	6.890	7.189	7.363	7.474	7.662	7.865	7.781
6.310	6.626	6.952	7.273	7.447	7.569	7.770	7.973	7.872
6.360	6.657	7.004	7.325	7.510	7.632	7.821	8.011	7.926
6.340	6.647	6.983	7.304	7.478	7.600	7.801	7.991	7.907
6.330	6.678	7.004	7.325	7.532	7.654	7.843	8.059	7.930
6.260	6.688	7.004	7.335	7.543	7.653	7.842	8.058	7.930
6.240	6.750	7.034	7.355	7.541	7.663	7.852	8.069	7.940
6.340	6.750	7.055	7.387	7.561	7.719	7.907	8.084	7.970
6.330	6.740	7.034	7.291	7.511	7.668	7.856	8.006	7.937
6.310	6.699	6.982	7.282	7.445	7.579	7.768	7.907	7.854
6.290	6.678	6.920	7.198	7.339	7.497	7.673	7.760	7.752
6.320	6.719	6.961	7.228	7.381	7.504	7.705	7.805	7.770
6.310	6.709	6.951	7.218	7.359	7.471	7.672	7.772	7.753
6.290	6.730	6.950	7.207	7.348	7.460	7.661	7.762	7.742
6.260	6.730	6.919	7.154	7.284	7.408	7.609	7.709	7.689
6.300	6.709	6.909	7.111	7.265	7.341	7.567	7.654	7.663
6.340	6.730	6.929	7.100	7.253	7.354	7.518	7.659	7.666
6.360	6.740	6.971	7.142	7.273	7.385	7.537	7.678	7.686
6.370	6.792	6.991	7.194	7.314	7.426	7.591	7.719	7.728
6.370	6.761	6.939	7.132	7.285	7.373	7.611	7.673	7.734
6.400	6.750	6.918	7.111	7.275	7.398	7.514	7.720	7.657
6.430	6.771	6.939	7.110	7.264	7.399	7.502	7.695	7.648
6.440	6.781	6.970	7.163	7.294	7.429	7.545	7.712	7.667
6.380	6.781	6.992	7.205	7.358	7.493	7.609	7.802	7.740
6.370	6.771	6.981	7.206	7.370	7.505	7.620	7.813	7.765
6.370	6.761	7.002	7.227	7.368	7.515	7.631	7.811	7.764
6.380	6.792	7.044	7.268	7.410	7.545	7.661	7.854	7.792
6.370	6.802	7.044	7.268	7.410	7.534	7.649	7.843	7.796
6.390	6.854	7.064	7.278	7.409	7.533	7.649	7.842	7.795
6.420	6.833	7.064	7.278	7.409	7.544	7.660	7.841	7.794
6.440	6.874	7.106	7.309	7.451	7.598	7.702	7.882	7.851
6.450	6.874	7.106	7.309	7.451	7.586	7.702	7.870	7.837
6.430	6.885	7.106	7.330	7.461	7.608	7.748	7.915	7.910
6.370	6.864	7.106	7.330	7.461	7.597	7.749	7.903	7.899
6.350	6.874	7.148	7.351	7.481	7.629	7.769	7.936	7.932
6.360	6.833	7.096	7.266	7.409	7.556	7.696	7.863	7.873
6.340	6.843	7.117	7.265	7.419	7.543	7.696	7.837	7.863
6.340	6.843	7.085	7.266	7.398	7.522	7.638	7.780	7.807
6.350	6.874	7.095	7.309	7.451	7.575	7.679	7.834	7.848
6.390	6.895	7.074	7.277	7.431	7.543	7.659	7.801	7.843
6.420	6.905	7.074	7.245	7.387	7.488	7.604	7.734	7.777
6.510	6.998	7.146	7.285	7.417	7.506	7.623	7.767	7.811
6.660	7.009	7.240	7.400	7.532	7.633	7.726	7.896	7.891
6.610	7.009	7.251	7.400	7.543	7.656	7.736	7.919	7.913
6.670	7.071	7.313	7.484	7.616	7.728	7.821	8.017	7.981
6.730	7.081	7.313	7.462	7.594	7.707	7.799	7.983	7.933
6.800	7.133	7.365	7.503	7.647	7.771	7.888	8.057	8.007
6.850	7.143	7.344	7.515	7.646	7.783	7.899	8.081	8.017
6.780	7.081	7.334	7.516	7.658	7.794	7.899	8.068	8.019
6.720	7.019	7.335	7.527	7.669	7.829	7.932	8.114	8.062
6.720	7.019	7.335	7.538	7.680	7.828	7.919	8.115	8.049
6.710	7.040	7.324	7.495	7.649	7.808	7.912	8.080	8.044
6.630	6.967	7.304	7.507	7.660	7.819	7.923	8.104	8.053
6.470	6.926	7.274	7.497	7.639	7.798	7.902	8.070	8.019
6.440	6.947	7.284	7.464	7.618	7.777	7.881	8.049	7.998
6.580	7.009	7.346	7.516	7.715	7.803	7.883	8.066	8.017
6.640	7.029	7.430	7.643	7.785	7.956	8.072	8.201	8.237
6.650	6.967	7.357	7.548	7.679	7.827	7.956	8.098	8.119
6.630	6.947	7.337	7.582	7.757	7.928	8.043	8.197	8.232
6.590	6.874	7.296	7.519	7.694	7.865	7.980	8.121	8.157
6.590	6.874	7.306	7.529	7.694	7.852	7.968	8.109	8.159
6.610	6.895	7.359	7.592	7.745	7.904	8.032	8.135	8.186
6.640	6.895	7.411	7.667	7.830	8.001	8.128	8.257	8.307
6.660	6.957	7.442	7.708	7.872	8.043	8.183	8.297	8.348
6.660	6.957	7.442	7.708	7.872	8.043	8.183	8.284	8.349
6.610	6.916	7.422	7.623	7.787	7.958	8.135	8.248	8.341
6.620	6.926	7.411	7.623	7.799	7.957	8.134	8.248	8.341
6.600	6.936	7.432	7.655	7.830	8.012	8.189	8.328	8.404
6.720	7.029	7.409	7.633	7.809	7.991	8.168	8.307	8.398
6.670	7.060	7.377	7.688	7.863	8.057	8.233	8.359	8.448
6.660	7.050	7.345	7.635	7.821	8.003	8.180	8.305	8.411
6.690	7.071	7.345	7.602	7.778	7.948	8.125	8.251	8.329
6.690	7.050	7.335	7.613	7.789	7.947	8.112	8.213	8.277
6.820	7.112	7.386	7.665	7.852	8.034	8.199	8.273	8.324
6.840	7.154	7.428	7.718	7.893	8.040	8.181	8.244	8.269
6.920	7.216	7.490	7.758	7.934	8.070	8.198	8.262	8.274
6.970	7.299	7.562	7.777	7.965	8.100	8.192	8.219	8.205
6.900	7.257	7.458	7.802	7.978	8.089	8.169	8.183	8.159
6.980	7.340	7.562	7.787	7.930	7.949	8.019	8.089	8.006
7.050	7.485	7.633	7.903	8.057	8.098	8.192	8.235	8.139
7.000	7.464	7.655	7.946	8.111	8.176	8.207	8.265	8.225
7.020	7.495	7.707	8.031	8.082	8.149	8.169	8.190	8.167
6.970	7.475	7.675	7.999	8.050	8.129	8.162	8.220	8.223
6.990	7.444	7.687	8.010	8.072	8.163	8.220	8.315	8.330
6.960	7.444	7.665	7.978	8.018	8.085	8.131	8.241	8.240
6.960	7.454	7.676	7.956	7.985	8.041	8.099	8.170	8.187
7.070	7.475	7.675	7.956	7.985	8.076	8.133	8.204	8.177
7.060	7.464	7.707	7.944	7.985	8.064	8.134	8.191	8.164
7.070	7.506	7.749	8.007	8.048	8.115	8.173	8.231	8.177
7.080	7.495	7.760	7.964	7.994	8.062	8.107	8.166	8.084
7.100	7.485	7.739	7.975	7.960	8.017	8.112	8.144	8.091
7.130	7.485	7.718	7.791	7.913	8.028	8.060	8.091	8.024
7.120	7.412	7.634	7.784	7.916	8.018	8.099	8.142	8.102
7.180	7.464	7.676	7.836	7.912	8.015	8.109	8.164	8.124
7.150	7.433	7.613	7.698	7.820	7.934	8.027	8.121	8.107
7.200	7.495	7.675	7.803	7.914	8.028	8.134	8.214	8.171
7.140	7.454	7.697	7.814	7.913	8.039	8.132	8.187	8.162
7.120	7.444	7.602	7.796	7.871	7.997	8.103	8.131	8.134
7.110	7.444	7.602	7.796	7.883	8.008	8.102	8.104	8.123
7.160	7.433	7.571	7.775	7.873	8.011	8.091	8.094	8.127
7.150	7.444	7.591	7.785	7.883	8.021	8.101	8.104	8.124
7.130	7.444	7.560	7.765	7.851	7.954	8.047	8.064	8.084
7.170	7.516	7.601	7.795	7.893	7.996	8.077	8.094	8.114
7.180	7.516	7.601	7.784	7.871	7.962	8.056	8.086	8.077
7.240	7.547	7.653	7.847	7.923	8.014	8.096	8.178	8.166
7.230	7.558	7.632	7.815	7.903	7.982	8.076	8.158	8.161
7.230	7.527	7.600	7.762	7.816	7.931	8.000	8.096	8.099
7.290	7.620	7.704	7.866	7.909	8.012	8.095	8.164	8.169
7.180	7.485	7.580	7.818	7.882	7.972	8.042	8.111	8.117
7.130	7.444	7.518	7.733	7.865	7.955	7.999	8.043	8.050
7.160	7.464	7.549	7.743	7.864	7.954	7.998	8.043	8.007
7.150	7.402	7.518	7.723	7.832	7.911	7.955	7.974	7.940
7.150	7.381	7.508	7.691	7.812	7.890	7.910	7.969	7.920
7.080	7.371	7.487	7.692	7.790	7.845	7.878	8.014	7.947
7.100	7.412	7.581	7.807	7.905	7.960	7.993	8.129	8.047
7.050	7.423	7.560	7.797	7.895	7.950	7.971	8.107	8.040
7.060	7.433	7.581	7.796	7.883	7.927	7.948	8.085	8.032
7.070	7.454	7.581	7.796	7.872	7.915	7.937	8.087	8.033
7.080	7.444	7.539	7.689	7.799	7.831	7.841	7.978	7.940
7.070	7.464	7.549	7.689	7.765	7.856	7.938	7.956	7.908
7.060	7.444	7.518	7.625	7.702	7.805	7.887	7.904	7.884
7.060	7.392	7.423	7.510	7.576	7.667	7.773	7.880	7.855
6.900	7.226	7.363	7.513	7.578	7.681	7.774	7.894	7.854
6.960	7.278	7.457	7.640	7.715	7.806	7.899	7.981	7.928
6.920	7.247	7.437	7.608	7.672	7.705	7.836	7.905	7.825
6.890	7.216	7.384	7.513	7.578	7.587	7.731	7.838	7.756
6.940	7.361	7.445	7.617	7.693	7.761	7.879	8.012	7.900
6.910	7.278	7.447	7.629	7.705	7.807	7.925	8.044	7.958
6.930	7.299	7.457	7.639	7.704	7.795	7.913	8.006	7.936
6.900	7.216	7.384	7.523	7.633	7.723	7.817	7.936	7.906
6.930	7.278	7.426	7.608	7.740	7.865	7.994	8.124	8.105
6.910	7.236	7.395	7.631	7.751	7.888	8.004	8.135	8.144
6.860	7.185	7.396	7.599	7.697	7.798	7.892	7.972	8.060
6.870	7.216	7.406	7.642	7.717	7.807	7.900	7.981	8.112
6.880	7.216	7.406	7.642	7.705	7.808	7.901	7.982	8.098
6.880	7.216	7.427	7.685	7.737	7.839	7.920	8.014	8.145
6.940	7.267	7.531	7.756	7.831	7.933	8.027	8.147	8.276
6.900	7.267	7.521	7.778	7.853	7.955	8.036	8.143	8.274
6.930	7.330	7.583	7.917	8.002	8.103	8.172	8.253	8.372
7.010	7.392	7.624	7.991	8.030	8.121	8.190	8.246	8.367
7.080	7.485	7.696	8.064	8.092	8.182	8.239	8.323	8.443
7.090	7.506	7.664	7.988	8.085	8.151	8.221	8.342	8.475
7.120	7.547	7.685	8.042	8.172	8.261	8.329	8.476	8.608
7.100	7.527	7.664	8.054	8.206	8.318	8.398	8.531	8.689
7.200	7.661	7.788	8.179	8.320	8.456	8.523	8.656	8.817
7.290	7.744	7.861	8.197	8.328	8.465	8.545	8.678	8.838
7.250	7.724	7.851	8.187	8.317	8.442	8.510	8.644	8.805
7.270	7.682	7.862	8.056	8.222	8.359	8.439	8.520	8.682
7.130	7.734	7.872	8.131	8.297	8.422	8.490	8.570	8.719
7.240	7.807	7.966	8.236	8.402	8.539	8.619	8.686	8.821
7.210	7.796	7.923	8.183	8.361	8.485	8.553	8.621	8.757
7.350	7.827	8.008	8.245	8.400	8.525	8.594	8.635	8.711
7.190	7.734	8.020	8.268	8.433	8.546	8.639	8.720	8.792
7.040	7.651	8.043	8.279	8.478	8.603	8.645	8.779	8.850
7.030	7.713	7.978	8.215	8.404	8.516	8.596	8.730	8.813
7.030	7.661	7.937	8.151	8.329	8.477	8.557	8.663	8.763
6.980	7.651	7.990	8.139	8.340	8.500	8.579	8.672	8.790
6.960	7.672	8.021	8.203	8.426	8.574	8.653	8.733	8.836
6.870	7.599	7.938	8.065	8.311	8.471	8.562	8.614	8.748
6.860	7.599	7.917	8.066	8.278	8.414	8.506	8.546	8.681
6.850	7.589	7.949	8.065	8.266	8.402	8.495	8.548	8.682
6.830	7.641	7.979	8.139	8.340	8.465	8.557	8.610	8.761
6.670	7.610	7.991	8.096	8.286	8.339	8.434	8.489	8.626
6.760	7.527	7.939	8.011	8.201	8.267	8.349	8.431	8.552
6.900	7.495	7.823	7.896	8.086	8.176	8.269	8.363	8.484
6.900	7.506	7.791	7.865	8.032	8.122	8.203	8.298	8.434
6.990	7.558	7.811	7.863	8.042	8.132	8.201	8.309	8.429
6.900	7.527	7.812	7.907	8.063	8.153	8.234	8.316	8.451
6.920	7.527	7.812	7.929	8.084	8.174	8.243	8.312	8.404
6.930	7.527	7.833	7.917	8.028	8.107	8.189	8.324	8.397
6.860	7.485	7.792	7.854	7.965	8.032	8.115	8.236	8.325
6.850	7.495	7.760	7.866	7.976	8.079	8.160	8.333	8.404
6.820	7.454	7.591	7.763	7.873	7.952	8.046	8.192	8.294
6.860	7.464	7.570	7.786	7.895	7.973	8.067	8.213	8.314
6.810	7.402	7.476	7.681	7.779	7.869	7.951	8.110	8.196
6.780	7.402	7.476	7.714	7.811	7.901	7.983	8.142	8.227
6.760	7.392	7.508	7.756	7.831	7.921	8.003	8.162	8.248
6.760	7.402	7.539	7.831	7.928	8.017	8.099	8.271	8.356
6.790	7.381	7.529	7.831	7.928	8.006	8.087	8.260	8.345
6.820	7.423	7.571	7.895	8.003	8.080	8.174	8.346	8.445
6.780	7.412	7.529	7.820	7.917	7.972	8.066	8.251	8.350
6.810	7.423	7.550	7.852	7.926	7.981	8.088	8.260	8.344
6.780	7.392	7.518	7.853	7.950	7.969	8.076	8.235	8.352
6.810	7.402	7.497	7.734	7.877	7.931	8.050	8.156	8.274
6.840	7.423	7.486	7.745	7.866	7.943	8.049	8.156	8.272
6.890	7.412	7.465	7.670	7.802	7.857	7.975	8.108	8.223
6.890	7.423	7.465	7.670	7.802	7.857	7.975	8.108	8.223
6.950	7.381	7.424	7.650	7.782	7.860	7.966	8.072	8.218
6.990	7.402	7.465	7.714	7.823	7.913	8.018	8.138	8.297
6.990	7.381	7.392	7.630	7.761	7.827	7.946	8.065	8.238
7.030	7.361	7.413	7.673	7.804	7.870	7.988	8.107	8.281
7.080	7.340	7.435	7.672	7.804	7.881	7.987	8.119	8.278
7.140	7.381	7.455	7.693	7.836	7.913	8.031	8.150	8.308
7.140	7.392	7.423	7.639	7.771	7.849	7.967	8.073	8.233
7.140	7.412	7.497	7.756	7.887	7.965	8.083	8.176	8.322
7.060	7.371	7.487	7.789	7.931	8.009	8.126	8.219	8.366
7.060	7.361	7.487	7.768	7.910	7.987	8.117	8.209	8.341
7.100	7.402	7.497	7.800	7.930	8.020	8.150	8.228	8.361
7.090	7.371	7.392	7.662	7.782	7.848	7.979	8.058	8.206
7.040	7.340	7.519	7.691	7.767	7.904	7.997	8.117	8.202
7.050	7.340	7.498	7.692	7.779	7.904	8.022	8.127	8.213
7.080	7.340	7.477	7.682	7.757	7.895	8.000	8.105	8.190
7.070	7.340	7.498	7.681	7.768	7.894	7.999	8.105	8.205
7.110	7.361	7.498	7.648	7.736	7.873	7.978	8.084	8.184
7.120	7.392	7.540	7.679	7.767	7.904	8.010	8.128	8.243
7.200	7.506	7.559	7.688	7.765	7.903	8.008	8.127	8.243
7.160	7.485	7.538	7.624	7.701	7.828	7.934	8.053	8.183
7.220	7.495	7.538	7.635	7.701	7.839	7.932	8.039	8.183
7.180	7.464	7.517	7.614	7.669	7.819	7.900	7.994	8.139
7.180	7.454	7.465	7.540	7.595	7.757	7.838	7.945	8.088
7.220	7.475	7.496	7.604	7.658	7.820	7.913	8.019	8.163
7.210	7.475	7.496	7.582	7.626	7.776	7.870	7.976	8.135
7.190	7.464	7.528	7.570	7.614	7.765	7.859	7.952	8.126
7.190	7.454	7.517	7.625	7.623	7.716	7.823	7.918	8.035
7.240	7.506	7.580	7.720	7.718	7.798	7.893	7.989	8.049
7.220	7.506	7.569	7.709	7.718	7.799	7.906	7.976	8.051
7.200	7.516	7.580	7.752	7.783	7.852	7.947	8.004	8.079
7.200	7.506	7.580	7.774	7.816	7.884	7.979	8.048	8.109
7.210	7.506	7.580	7.774	7.805	7.885	7.967	8.037	8.085
7.230	7.516	7.580	7.774	7.782	7.851	7.946	8.003	8.080
7.240	7.537	7.643	7.793	7.780	7.861	7.956	8.026	8.084
7.160	7.454	7.528	7.668	7.733	7.801	7.945	8.051	8.105
7.170	7.464	7.475	7.626	7.669	7.737	7.856	7.951	8.064
7.170	7.454	7.475	7.659	7.645	7.726	7.857	7.951	8.067
7.100	7.371	7.392	7.576	7.607	7.687	7.805	7.912	8.098
7.120	7.392	7.392	7.597	7.639	7.730	7.849	7.955	8.141
7.100	7.340	7.414	7.629	7.671	7.751	7.881	7.988	8.158
7.120	7.350	7.414	7.619	7.660	7.752	7.882	8.001	8.172
7.120	7.350	7.414	7.554	7.596	7.676	7.795	7.915	8.115
7.080	7.299	7.341	7.459	7.513	7.605	7.723	7.855	8.068
7.080	7.309	7.330	7.470	7.513	7.593	7.724	7.856	8.066
7.050	7.278	7.320	7.449	7.503	7.595	7.701	7.820	8.050
7.030	7.257	7.341	7.481	7.535	7.626	7.708	7.880	8.094
7.040	7.278	7.394	7.544	7.587	7.678	7.760	7.906	8.062
7.000	7.257	7.384	7.512	7.566	7.657	7.751	7.910	8.066
7.030	7.257	7.415	7.565	7.630	7.709	7.803	7.962	8.103
7.010	7.257	7.436	7.575	7.629	7.720	7.826	7.985	8.126
7.020	7.236	7.363	7.535	7.577	7.668	7.774	7.907	8.145
7.030	7.247	7.363	7.535	7.577	7.680	7.773	7.919	8.142
7.060	7.267	7.341	7.524	7.555	7.658	7.776	8.012	8.287
7.060	7.257	7.320	7.482	7.536	7.638	7.781	8.028	8.345
7.040	7.247	7.321	7.493	7.524	7.638	7.756	7.978	8.285
7.010	7.226	7.310	7.493	7.524	7.639	7.757	7.992	8.297
7.020	7.205	7.290	7.418	7.472	7.599	7.704	7.926	8.261
7.020	7.226	7.279	7.473	7.515	7.641	7.758	7.954	8.277
6.980	7.216	7.300	7.461	7.492	7.619	7.724	7.920	8.243
7.010	7.226	7.268	7.419	7.450	7.565	7.683	7.866	8.203
7.060	7.299	7.299	7.439	7.515	7.630	7.686	7.884	8.223
7.110	7.299	7.341	7.405	7.539	7.629	7.686	7.884	8.223
7.100	7.299	7.341	7.394	7.528	7.630	7.674	7.898	8.223
7.100	7.309	7.341	7.383	7.506	7.597	7.666	7.902	8.255
7.140	7.288	7.362	7.415	7.549	7.651	7.720	7.943	8.312
7.240	7.361	7.382	7.446	7.558	7.660	7.729	7.953	8.308
7.280	7.412	7.423	7.466	7.566	7.669	7.726	7.938	8.308
7.290	7.412	7.455	7.454	7.566	7.681	7.787	7.906	8.279
7.270	7.412	7.444	7.465	7.555	7.646	7.716	7.901	8.287
7.260	7.402	7.413	7.402	7.536	7.604	7.661	7.847	8.234
7.250	7.392	7.371	7.414	7.503	7.606	7.663	7.862	8.233
7.260	7.330	7.351	7.307	7.397	7.512	7.557	7.807	8.191
7.290	7.350	7.361	7.350	7.440	7.554	7.599	7.823	8.207
7.320	7.433	7.370	7.349	7.450	7.553	7.598	7.810	8.195
7.320	7.402	7.360	7.306	7.397	7.500	7.545	7.757	8.140
7.390	7.412	7.360	7.306	7.397	7.500	7.533	7.758	8.141
7.400	7.475	7.390	7.316	7.395	7.487	7.545	7.744	8.128
7.410	7.454	7.380	7.316	7.395	7.499	7.569	7.844	8.093
7.430	7.485	7.380	7.294	7.340	7.433	7.516	7.765	8.028
7.450	7.495	7.422	7.314	7.372	7.465	7.547	7.809	8.059
7.450	7.495	7.443	7.368	7.425	7.517	7.600	7.849	8.113
7.400	7.454	7.401	7.348	7.393	7.497	7.616	7.864	8.115
7.380	7.485	7.432	7.368	7.436	7.540	7.659	7.907	8.143
7.410	7.495	7.443	7.411	7.467	7.583	7.701	7.937	8.173
7.490	7.568	7.494	7.408	7.510	7.614	7.745	8.019	8.239
7.480	7.558	7.463	7.377	7.479	7.595	7.737	8.010	8.244
7.500	7.547	7.442	7.356	7.458	7.585	7.716	7.989	8.252
7.510	7.578	7.494	7.441	7.554	7.680	7.811	8.097	8.345
7.530	7.547	7.494	7.463	7.564	7.702	7.832	8.119	8.369
7.530	7.537	7.505	7.462	7.575	7.702	7.832	8.119	8.368
7.500	7.516	7.516	7.462	7.575	7.702	7.832	8.106	8.370
7.500	7.537	7.474	7.453	7.531	7.670	7.800	8.061	8.340
7.480	7.516	7.463	7.388	7.501	7.628	7.758	8.019	8.299
7.480	7.527	7.453	7.389	7.490	7.605	7.736	8.009	8.303
7.480	7.537	7.452	7.410	7.500	7.616	7.734	7.982	8.277
7.470	7.527	7.432	7.389	7.468	7.572	7.691	7.939	8.220
7.440	7.506	7.411	7.347	7.415	7.531	7.649	7.884	8.179
7.480	7.527	7.421	7.400	7.479	7.595	7.713	7.961	8.241
7.460	7.506	7.400	7.369	7.448	7.552	7.670	7.905	8.200
7.450	7.506	7.411	7.358	7.426	7.530	7.648	7.884	8.163
7.470	7.527	7.421	7.368	7.425	7.541	7.659	7.869	8.164
7.480	7.527	7.410	7.347	7.393	7.509	7.615	7.851	8.146
7.500	7.547	7.473	7.409	7.466	7.559	7.678	7.888	8.170
7.460	7.547	7.473	7.398	7.512	7.615	7.721	7.944	8.226
7.400	7.506	7.411	7.325	7.427	7.543	7.649	7.884	8.179
7.330	7.423	7.265	7.180	7.360	7.462	7.568	7.802	8.110
7.400	7.454	7.285	7.287	7.321	7.448	7.554	7.776	8.070
7.400	7.454	7.327	7.285	7.342	7.458	7.576	7.823	8.118
7.390	7.464	7.338	7.317	7.385	7.524	7.641	7.914	8.207
7.300	7.381	7.181	7.172	7.240	7.366	7.496	7.755	8.061
7.300	7.340	7.140	7.120	7.165	7.281	7.411	7.657	7.961
7.270	7.309	7.119	7.110	7.144	7.260	7.377	7.637	7.914
7.260	7.319	7.172	7.151	7.186	7.278	7.384	7.632	7.911
7.260	7.340	7.224	7.236	7.247	7.351	7.458	7.692	7.974
7.240	7.309	7.193	7.216	7.216	7.320	7.426	7.661	7.942
7.250	7.309	7.182	7.140	7.130	7.246	7.353	7.587	7.866
7.260	7.299	7.119	7.132	7.121	7.214	7.308	7.543	7.838
7.230	7.257	7.068	7.069	7.070	7.151	7.245	7.480	7.774
7.150	7.195	7.005	7.018	7.018	7.099	7.217	7.476	7.784
7.150	7.164	6.985	7.040	7.040	7.109	7.228	7.487	7.793
6.990	7.040	6.861	6.895	6.906	6.986	7.080	7.351	7.628
6.670	6.905	6.737	6.835	6.879	6.947	7.040	7.336	7.609
6.560	6.740	6.645	6.753	6.808	6.887	6.992	7.312	7.597
6.570	6.730	6.646	6.753	6.819	6.886	7.003	7.310	7.595
6.960	6.926	6.716	6.836	6.890	6.958	7.075	7.396	7.667
7.100	7.050	6.798	6.832	6.943	7.022	7.139	7.447	7.705
7.100	6.957	6.736	6.770	6.881	6.960	7.089	7.422	7.706
7.080	6.957	6.736	6.770	6.893	6.971	7.088	7.421	7.705
7.090	6.885	6.528	6.520	6.676	6.742	6.859	7.202	7.513
6.880	6.668	6.447	6.599	6.831	6.941	7.092	7.459	7.768
6.550	6.399	6.169	6.416	6.646	6.779	6.928	7.281	7.616
6.310	6.214	5.984	6.198	6.461	6.593	6.766	7.179	7.539
6.450	6.296	6.003	6.240	6.459	6.603	6.799	7.162	7.563
6.410	6.306	6.118	6.290	6.476	6.610	6.819	7.156	7.559
6.580	6.471	6.346	6.507	6.627	6.727	6.926	7.229	7.574
6.580	6.461	6.262	6.456	6.565	6.677	6.887	7.163	7.521
6.600	6.544	6.397	6.623	6.731	6.855	7.054	7.318	7.666
6.550	6.502	6.356	6.582	6.690	6.802	7.013	7.289	7.622
6.590	6.523	6.355	6.571	6.668	6.780	6.991	7.255	7.617
6.590	6.523	6.303	6.508	6.594	6.707	6.905	7.182	7.557
6.510	6.379	6.180	6.406	6.503	6.592	6.790	7.104	7.490
6.470	6.358	6.180	6.416	6.525	6.647	6.869	7.157	7.513
6.460	6.358	6.170	6.417	6.558	6.680	6.914	7.214	7.572
6.490	6.420	6.231	6.500	6.619	6.753	6.987	7.262	7.606
6.490	6.410	6.242	6.511	6.630	6.764	6.986	7.287	7.631
6.470	6.451	6.283	6.498	6.662	6.762	6.996	7.221	7.542
6.350	6.379	6.222	6.490	6.642	6.776	7.010	7.234	7.540
6.320	6.358	6.201	6.480	6.643	6.800	7.045	7.256	7.590
6.230	6.275	6.087	6.409	6.505	6.719	6.928	7.177	7.510
6.220	6.142	5.985	6.274	6.436	6.581	6.778	7.026	7.342
6.300	6.214	6.036	6.304	6.456	6.612	6.809	7.058	7.316
6.310	6.234	6.098	6.345	6.508	6.653	6.862	7.073	7.318
6.340	6.296	6.129	6.386	6.527	6.672	6.882	7.081	7.341
6.320	6.255	6.161	6.396	6.526	6.672	6.893	7.105	7.350
6.310	6.255	6.171	6.439	6.569	6.725	6.935	7.108	7.357
6.330	6.255	6.161	6.428	6.536	6.693	6.915	7.101	7.304
6.330	6.255	6.129	6.387	6.494	6.663	6.872	7.083	7.287
6.320	6.275	6.160	6.407	6.515	6.683	6.893	7.167	7.287
6.330	6.286	6.213	6.459	6.556	6.667	6.889	7.152	7.274
6.350	6.337	6.285	6.596	6.681	6.804	7.014	7.253	7.348
6.370	6.348	6.316	6.541	6.594	6.763	6.974	7.224	7.358
6.360	6.348	6.264	6.446	6.555	6.689	6.911	7.199	7.346
6.360	6.348	6.243	6.436	6.545	6.679	6.913	7.175	7.321
6.130	6.389	6.284	6.499	6.574	6.732	7.002	7.200	7.362
6.430	6.389	6.253	6.468	6.587	6.733	6.955	7.243	7.371
6.400	6.296	6.202	6.331	6.506	6.686	6.907	7.231	7.409
6.270	6.131	6.068	6.261	6.457	6.613	6.846	7.157	7.348
6.200	6.059	5.986	6.157	6.376	6.520	6.752	7.087	7.265
6.180	6.049	6.038	6.166	6.352	6.485	6.706	7.017	7.195
6.250	6.121	5.943	6.115	6.323	6.433	6.653	6.964	7.143
6.250	6.111	5.943	6.147	6.332	6.431	6.652	6.950	7.130
6.240	6.111	5.943	6.179	6.364	6.497	6.705	7.029	7.179
6.230	6.111	5.985	6.199	6.385	6.529	6.678	6.990	7.184
6.140	6.100	5.985	6.210	6.384	6.517	6.690	6.990	7.198
6.050	6.018	5.903	6.117	6.269	6.425	6.597	6.896	7.102
6.070	6.018	5.903	6.128	6.290	6.423	6.608	6.894	7.101
6.120	6.049	5.934	6.201	6.342	6.486	6.659	6.958	7.153
6.040	6.008	5.914	6.127	6.268	6.424	6.621	6.906	7.113
6.070	6.018	5.913	6.181	6.321	6.466	6.662	6.973	7.166
5.950	5.884	5.769	5.993	6.145	6.301	6.508	6.843	7.033
5.950	5.864	5.686	5.953	6.104	6.260	6.479	6.825	7.014
5.950	5.822	5.666	5.975	6.093	6.260	6.467	6.801	7.005
5.960	5.843	5.718	6.016	6.134	6.290	6.497	6.819	7.024
5.920	5.761	5.656	5.923	6.041	6.196	6.404	6.762	6.979
5.770	5.699	5.647	5.945	6.073	6.274	6.422	6.781	7.013
5.670	5.730	5.574	5.861	6.023	6.258	6.404	6.750	6.982
5.740	5.740	5.667	5.965	6.083	6.284	6.431	6.779	7.024
5.660	5.699	5.657	5.977	6.116	6.317	6.476	6.835	7.094
5.720	5.750	5.771	6.133	6.272	6.485	6.656	6.991	7.252
5.730	5.668	5.699	6.072	6.221	6.445	6.604	6.951	7.210
5.770	5.658	5.668	6.019	6.246	6.446	6.617	6.964	7.265
5.710	5.648	5.616	5.925	6.141	6.364	6.498	6.858	7.168
5.670	5.648	5.606	5.957	6.162	6.408	6.554	6.938	7.234
5.580	5.545	5.514	5.854	6.069	6.315	6.472	6.868	7.190
5.550	5.524	5.472	5.833	6.049	6.294	6.463	6.846	7.183
5.570	5.576	5.513	5.928	6.143	6.377	6.535	6.918	7.256
5.370	5.401	5.380	5.805	6.020	6.253	6.410	6.792	7.142
5.390	5.432	5.411	5.761	6.054	6.275	6.444	6.826	7.134
5.370	5.473	5.515	5.886	6.179	6.423	6.592	6.975	7.297
5.510	5.565	5.597	5.947	6.240	6.462	6.632	7.028	7.295
5.440	5.565	5.628	6.042	6.313	6.546	6.716	7.088	7.341
5.440	5.565	5.628	6.032	6.313	6.547	6.704	7.076	7.345
5.600	5.678	5.762	6.145	6.427	6.649	6.819	7.205	7.461
5.590	5.668	5.731	6.178	6.437	6.671	6.841	7.189	7.433
5.380	5.442	5.494	5.972	6.264	6.531	6.700	7.083	7.351
5.390	5.576	5.513	6.056	6.381	6.659	6.852	7.248	7.529
5.200	5.411	5.401	5.953	6.322	6.599	6.803	7.198	7.506
5.140	5.360	5.298	5.850	6.196	6.473	6.689	7.095	7.401
5.280	5.391	5.328	5.891	6.271	6.548	6.703	7.252	7.463
5.320	5.452	5.380	5.943	6.323	6.600	6.720	7.269	7.482
5.290	5.422	5.349	5.848	6.261	6.538	6.646	7.207	7.406
5.350	5.493	5.473	5.994	6.407	6.696	6.804	7.354	7.554
5.380	5.565	5.503	6.003	6.417	6.706	6.825	7.363	7.523
5.390	5.514	5.472	5.951	6.365	6.665	6.784	7.283	7.446
5.370	5.535	5.493	5.971	6.374	6.675	6.806	7.254	7.419
5.310	5.483	5.442	5.931	6.300	6.589	6.709	7.169	7.320
5.190	5.350	5.319	5.839	6.218	6.530	6.661	7.145	7.308
5.180	5.298	5.278	5.798	6.177	6.500	6.642	7.125	7.317
5.150	5.257	5.237	5.799	6.189	6.465	6.633	7.154	7.358
5.170	5.216	5.196	5.758	6.147	6.435	6.495	7.068	7.286
5.190	5.257	5.299	5.872	6.284	6.584	6.655	7.229	7.434
5.200	5.380	5.380	6.029	6.430	6.742	6.813	7.364	7.582
5.180	5.360	5.360	6.008	6.410	6.744	6.827	7.351	7.570
5.090	5.268	5.320	5.978	6.423	6.769	6.839	7.466	7.650
5.040	5.247	5.289	5.979	6.391	6.725	6.819	7.343	7.516
5.070	5.319	5.371	6.083	6.462	6.785	6.868	7.316	7.466
5.080	5.339	5.381	6.115	6.516	6.792	6.876	7.325	7.447
5.110	5.350	5.391	6.082	6.472	6.761	6.856	7.279	7.388
5.120	5.339	5.371	6.051	6.463	6.751	6.846	7.308	7.429
5.100	5.288	5.309	5.967	6.424	6.711	6.818	7.253	7.389
5.150	5.278	5.351	6.020	6.499	6.798	6.904	7.352	7.472
5.100	5.247	5.320	5.989	6.467	6.778	6.884	7.370	7.488
5.090	5.257	5.330	5.989	6.500	6.788	6.894	7.354	7.474
5.140	5.237	5.320	6.021	6.488	6.799	6.917	7.351	7.487
5.100	5.175	5.279	6.001	6.457	6.767	6.897	7.331	7.466
5.030	5.093	5.166	5.834	6.323	6.609	6.751	7.171	7.320
5.080	5.124	5.217	5.822	6.377	6.664	6.793	7.175	7.312
5.120	5.165	5.227	5.736	6.314	6.600	6.730	7.175	7.297
5.060	5.145	5.176	5.663	6.241	6.515	6.633	7.103	7.224
4.780	4.878	5.065	5.561	6.238	6.522	6.627	7.083	7.189
4.790	4.878	5.065	5.572	6.270	6.497	6.626	7.172	7.273
4.800	4.909	5.075	5.603	6.313	6.551	6.680	7.188	7.306
4.760	4.888	5.044	5.530	6.217	6.455	6.597	7.103	7.220
4.740	4.868	5.013	5.509	6.196	6.423	6.565	7.083	7.200
4.710	4.858	5.013	5.499	6.197	6.423	6.553	7.110	7.226
4.730	4.858	4.972	5.479	6.143	6.370	6.511	7.068	7.198
4.690	4.817	4.941	5.437	6.101	6.340	6.493	7.061	7.203
4.660	4.776	4.921	5.438	6.091	6.352	6.505	7.073	7.229
4.610	4.694	4.860	5.451	6.103	6.352	6.517	7.060	7.245
4.630	4.714	4.849	5.366	6.096	6.356	6.520	7.049	7.221
4.700	4.765	4.890	5.428	6.114	6.375	6.551	7.081	7.238
4.630	4.704	4.849	5.376	6.051	6.312	6.488	7.017	7.189
4.630	4.735	4.859	5.397	6.072	6.321	6.510	7.026	7.169
4.620	4.776	4.931	5.470	6.167	6.416	6.605	7.109	7.238
4.710	4.868	5.034	5.573	6.238	6.488	6.689	7.131	7.249
4.800	4.929	5.126	5.794	6.348	6.565	6.707	7.255	7.342
4.810	4.929	5.158	5.654	6.276	6.607	6.748	7.319	7.416
4.790	4.888	5.106	5.571	6.170	6.490	6.630	7.214	7.325
4.820	4.909	5.168	5.665	6.253	6.573	6.702	7.300	7.411
4.810	4.909	5.158	5.665	6.253	6.573	6.702	7.300	7.396
4.770	4.888	5.137	5.666	6.243	6.574	6.715	7.312	7.423
4.790	4.868	5.075	5.550	6.193	6.524	6.665	7.273	7.397
4.810	4.909	5.085	5.550	6.171	6.502	6.655	7.237	7.362
4.780	4.878	5.034	5.456	6.132	6.462	6.507	7.205	7.342
4.740	4.858	5.044	5.509	6.163	6.493	6.538	7.224	7.347
4.650	4.755	4.921	5.491	6.122	6.441	6.486	7.158	7.282
4.690	4.806	4.983	5.542	6.163	6.470	6.516	7.150	7.277
4.680	4.796	4.983	5.543	6.163	6.470	6.516	7.150	7.277
4.680	4.806	4.972	5.564	6.162	6.470	6.515	7.137	7.266
4.570	4.704	4.839	5.377	6.007	6.314	6.371	6.990	7.133
4.620	4.765	4.879	5.428	6.026	6.345	6.402	7.022	7.178
4.580	4.725	4.859	5.419	6.016	6.346	6.415	7.047	7.189
4.590	4.714	4.849	5.408	5.994	6.313	6.382	7.014	7.156
4.610	4.745	4.849	5.355	5.941	6.271	6.341	7.023	7.162
4.610	4.725	4.901	5.396	5.994	6.336	6.416	7.087	7.254
4.610	4.714	4.849	5.292	5.900	6.241	6.334	7.028	7.209
4.610	4.694	4.849	5.260	5.868	6.198	6.303	7.022	7.186
4.600	4.684	4.839	5.250	5.858	6.188	6.292	7.011	7.177
4.590	4.673	4.787	5.187	5.795	6.125	6.230	6.947	7.140
4.570	4.653	4.819	5.187	5.806	6.147	6.251	6.956	7.149
4.560	4.592	4.902	5.302	5.921	6.251	6.368	7.075	7.253
4.550	4.581	4.892	5.302	5.899	6.264	6.392	7.022	7.203
4.520	4.561	4.851	5.271	5.890	6.243	6.371	7.026	7.207
4.580	4.602	4.871	5.292	5.900	6.253	6.393	7.048	7.229
4.520	4.540	4.768	5.157	5.786	6.127	6.279	6.932	7.113
4.490	4.530	4.779	5.157	5.819	6.183	6.334	6.987	7.168
4.470	4.520	4.737	5.116	5.766	6.118	6.282	6.947	7.112
4.470	4.489	4.727	5.105	5.734	6.098	6.261	6.939	7.118
4.490	4.530	4.768	5.157	5.753	6.117	6.281	6.946	7.096
4.390	4.459	4.728	5.158	5.798	6.196	6.347	7.000	7.136
4.370	4.418	4.676	5.096	5.758	6.144	6.283	6.922	7.072
4.350	4.397	4.635	5.034	5.684	6.058	6.197	6.836	6.987
4.420	4.459	4.717	5.116	5.767	6.119	6.270	6.910	7.061
4.340	4.408	4.625	5.055	5.694	6.046	6.185	6.849	7.000
4.350	4.428	4.687	5.117	5.757	6.120	6.247	6.887	7.025
4.370	4.418	4.645	5.129	5.713	6.088	6.216	6.868	7.019
4.420	4.459	4.665	5.202	5.743	6.130	6.257	6.910	7.061
4.420	4.448	4.676	5.160	5.755	6.130	6.258	6.885	7.051
4.370	4.387	4.635	5.087	5.660	6.024	6.163	6.789	6.955
4.380	4.377	4.604	5.067	5.607	5.970	6.110	6.722	6.903
4.330	4.316	4.553	5.005	5.610	5.996	6.147	6.771	6.937
4.320	4.316	4.553	5.005	5.577	5.986	6.125	6.775	6.939
4.310	4.326	4.543	5.015	5.566	5.963	6.114	6.777	6.941
4.390	4.448	4.748	5.179	5.753	6.151	6.279	6.919	7.086
4.370	4.438	4.749	5.190	5.753	6.140	6.279	6.920	7.100
4.320	4.387	4.635	5.066	5.639	6.037	6.188	6.839	7.018
4.250	4.285	4.523	4.942	5.536	5.945	6.095	6.757	6.963
4.270	4.295	4.543	4.973	5.535	5.966	6.140	6.828	7.018
4.260	4.295	4.460	4.859	5.289	5.720	5.883	6.782	6.979
4.300	4.336	4.501	4.900	5.571	5.751	5.916	6.818	7.017
3.860	3.918	4.052	4.480	5.114	5.599	5.818	6.611	6.875
3.900	3.918	4.113	4.531	5.133	5.607	5.826	6.607	6.954
3.920	3.928	4.175	4.625	5.271	5.711	5.919	6.702	7.036
3.690	3.755	4.136	4.606	5.251	5.634	5.854	6.789	7.161
3.350	3.561	3.962	4.473	5.172	5.565	5.784	6.858	7.252
3.360	3.592	4.024	4.514	5.191	5.585	5.793	6.790	7.247
3.650	3.816	4.022	4.544	5.233	5.627	5.834	6.807	7.237
3.780	3.877	4.011	4.586	5.275	5.680	5.888	6.836	7.267
3.850	3.907	4.052	4.564	5.264	5.703	5.911	6.872	7.318
3.820	3.867	4.001	4.513	5.180	5.630	5.837	6.784	7.155
3.820	3.856	4.001	4.450	5.160	5.599	5.806	6.739	7.052
3.850	3.907	4.072	4.543	5.232	5.682	5.890	6.799	7.085
3.780	3.887	3.990	4.461	5.149	5.610	5.817	6.725	6.997
3.710	3.836	3.939	4.399	5.108	5.581	5.776	6.682	6.969
3.700	3.806	3.929	4.431	5.118	5.591	5.798	6.692	6.952
3.660	3.775	3.929	4.420	5.097	5.581	5.811	6.692	7.009
3.570	3.683	3.910	4.400	5.066	5.549	5.791	6.697	6.998
3.570	3.683	3.879	4.390	5.067	5.561	5.791	6.672	7.003
3.580	3.683	3.848	4.401	5.110	5.639	5.880	6.775	7.105
3.580	3.683	3.868	4.433	5.142	5.637	5.890	6.772	7.103
3.600	3.704	3.951	4.515	5.225	5.720	5.950	6.847	7.194
3.570	3.653	3.910	4.474	5.162	5.680	5.933	6.854	7.183
3.600	3.663	3.900	4.453	5.119	5.614	5.867	6.788	7.117
3.570	3.612	3.869	4.464	5.108	5.592	5.846	6.765	7.095
3.540	3.612	3.869	4.475	5.119	5.602	5.844	6.752	7.068
3.540	3.592	3.818	4.476	5.141	5.625	5.867	6.723	6.997
3.490	3.541	3.808	4.456	5.175	5.681	5.887	6.706	6.980
3.560	3.571	3.818	4.487	5.218	5.713	5.918	6.725	7.000
3.550	3.561	3.818	4.487	5.229	5.712	5.942	6.748	7.023
3.500	3.520	3.767	4.425	5.155	5.650	5.879	6.697	6.971
3.490	3.500	3.675	4.311	5.095	5.600	5.841	6.645	6.931
3.490	3.480	3.665	4.291	5.052	5.569	5.821	6.612	6.914
3.450	3.439	3.644	4.239	5.000	5.516	5.757	6.571	6.873
3.360	3.358	3.522	4.116	4.952	5.535	5.786	6.524	6.788
3.380	3.358	3.563	4.146	4.874	5.446	5.698	6.447	6.586
3.440	3.409	3.655	4.260	4.956	5.438	5.702	6.428	6.612
3.400	3.398	3.624	4.239	4.979	5.506	5.770	6.521	6.717
3.360	3.378	3.594	4.198	4.905	5.420	5.731	6.393	6.671
3.220	3.246	3.441	4.118	4.812	5.452	5.726	6.399	6.664
3.180	3.185	3.462	4.097	4.802	5.351	5.649	6.296	6.602
3.210	3.215	3.544	4.179	4.885	5.445	5.744	6.418	6.696
3.180	3.205	3.482	4.180	4.908	5.468	5.778	6.414	6.665
3.160	3.205	3.482	4.159	4.821	5.370	5.681	6.316	6.719
3.200	3.266	3.482	4.306	5.012	5.562	5.873	6.460	6.821
3.200	3.307	3.924	4.465	5.174	5.680	6.028	6.605	6.954
3.200	3.348	3.985	4.738	5.393	5.947	6.248	6.841	7.088
3.280	3.439	4.108	4.798	5.476	6.053	6.403	6.894	7.208
3.280	3.337	3.594	4.714	5.412	5.930	6.349	6.838	7.178
3.310	3.378	3.830	4.783	5.482	6.001	6.421	6.860	7.301
3.320	3.409	3.923	4.918	5.596	6.150	6.536	7.027	7.490
3.300	3.388	3.902	4.930	5.541	6.107	6.528	6.891	7.412
3.330	3.419	3.995	4.991	5.592	6.159	6.580	6.893	7.430
3.370	3.459	4.005	5.054	5.688	6.255	6.653	6.979	7.475
3.240	3.317	3.779	4.837	5.503	6.206	6.386	6.776	7.326
3.250	3.307	3.800	4.879	5.567	6.259	6.439	6.842	7.379
3.120	3.175	3.606	4.630	5.349	5.993	6.232	6.634	7.195
3.150	3.165	3.616	4.630	5.360	5.992	6.232	6.646	7.207
3.090	3.114	3.493	4.454	5.204	5.835	6.074	6.499	7.071
3.090	3.154	3.534	4.526	5.256	5.887	6.114	6.515	7.075
3.140	3.226	3.760	4.807	5.527	6.172	6.412	6.776	7.312
3.060	3.205	3.822	4.890	5.567	6.259	6.486	6.826	7.378
3.080	3.215	3.811	4.996	5.673	6.401	6.640	7.017	7.555
3.090	3.175	3.667	4.830	5.528	6.242	6.517	6.931	7.480
3.050	3.124	3.586	4.758	5.444	6.158	6.444	6.870	7.460
3.090	3.144	3.647	4.788	5.453	6.178	6.465	6.853	7.417
3.070	3.154	3.668	4.788	5.508	6.222	6.496	6.897	7.390
3.080	3.195	3.739	4.903	5.645	6.349	6.624	7.012	7.493
3.130	3.246	3.749	4.913	5.633	6.314	6.601	7.067	7.536
3.010	3.114	3.658	4.884	5.604	6.272	6.499	7.119	7.469
3.040	3.165	3.647	4.862	5.571	6.147	6.363	6.971	7.339
3.010	3.154	3.688	4.893	5.569	6.134	6.327	6.973	7.299
3.010	3.185	3.760	4.945	5.588	6.234	6.438	7.021	7.347
3.080	3.256	3.821	5.028	5.639	6.285	6.490	7.150	7.462
3.080	3.256	3.821	5.017	5.650	6.297	6.489	7.137	7.462
3.100	3.297	3.872	5.101	5.745	6.369	6.574	7.210	7.479
3.090	3.256	3.780	4.944	5.620	6.220	6.425	7.072	7.340
3.090	3.266	3.769	4.976	5.597	6.267	6.471	7.144	7.424
3.080	3.236	3.657	4.830	5.473	6.118	6.346	7.055	7.347
3.080	3.236	3.667	4.861	5.471	6.128	6.344	7.028	7.320
3.090	3.276	3.811	5.017	5.628	6.275	6.491	7.177	7.457
2.990	3.165	3.709	4.903	5.503	6.148	6.364	7.036	7.316
3.000	3.165	3.698	4.893	5.503	6.160	6.388	7.072	7.352
3.060	3.195	3.688	4.861	5.482	6.128	6.344	7.053	7.349
3.060	3.215	3.698	4.893	5.569	6.272	6.439	7.137	7.415
3.080	3.226	3.667	4.851	5.549	6.252	6.419	7.129	7.406
3.110	3.226	3.687	4.819	5.495	6.186	6.365	7.036	7.405
3.000	3.124	3.534	4.527	5.366	6.066	6.232	6.926	7.306
3.030	3.124	3.596	4.557	5.363	6.087	6.265	6.947	7.327
3.030	3.124	3.586	4.536	5.320	6.032	6.211	6.892	7.259
2.950	3.053	3.566	4.526	5.289	5.989	6.167	6.848	7.229
2.980	3.114	3.658	4.609	5.416	6.105	6.284	6.953	7.322
2.980	3.114	3.709	4.671	5.379	6.081	6.260	6.930	7.298
2.980	3.134	3.647	4.609	5.394	6.083	6.274	6.930	7.299
3.000	3.094	3.627	4.588	5.373	6.039	6.230	6.886	7.242
3.060	3.195	3.791	4.700	5.553	6.244	6.422	7.068	7.438
3.030	3.195	3.739	4.701	5.553	6.244	6.411	7.030	7.387
3.030	3.215	3.852	4.762	5.637	6.329	6.495	7.129	7.473
3.050	3.236	3.842	4.752	5.616	6.319	6.497	7.118	7.462
3.020	3.175	3.678	4.555	5.428	6.117	6.308	6.951	7.335
3.090	3.256	3.821	4.689	5.552	6.243	6.422	7.054	7.427
3.040	3.246	3.842	4.699	5.562	6.231	6.409	7.081	7.437
3.050	3.215	3.801	4.616	5.489	6.168	6.347	7.030	7.399
3.050	3.195	3.739	4.522	5.406	6.072	6.263	6.945	7.314
3.070	3.215	3.770	4.542	5.416	6.082	6.273	6.955	7.339
3.030	3.175	3.750	4.501	5.374	6.086	6.252	6.934	7.358
3.030	3.185	3.739	4.607	5.381	6.105	6.272	6.967	7.303
3.040	3.154	3.709	4.544	5.318	6.030	6.209	6.903	7.221
3.070	3.185	3.729	4.575	5.349	6.062	6.241	6.935	7.253
3.060	3.195	3.750	4.627	5.413	6.092	6.306	6.989	7.307
3.080	3.205	3.780	4.669	5.455	6.111	6.338	7.021	7.324
3.080	3.195	3.770	4.669	5.422	6.078	6.305	7.000	7.291
3.070	3.185	3.781	4.648	5.324	5.979	6.207	6.914	7.189
3.070	3.185	3.678	4.566	5.340	5.994	6.221	6.902	7.177
3.050	3.165	3.678	4.534	5.330	5.985	6.199	6.893	7.168
3.070	3.205	3.739	4.606	5.370	6.002	6.218	6.887	7.205
3.070	3.185	3.678	4.544	5.318	5.950	6.177	6.845	7.148
3.060	3.175	3.688	4.534	5.297	5.905	6.121	6.802	7.104
3.100	3.226	3.770	4.606	5.369	5.979	6.195	6.864	7.169
3.100	3.246	3.821	4.678	5.443	6.064	6.280	6.950	7.254
3.050	3.154	3.616	4.525	5.287	5.896	6.123	6.790	7.121
3.140	3.276	3.852	4.709	5.397	6.007	6.224	6.830	7.155
3.160	3.287	3.934	4.834	5.523	6.122	6.339	6.934	7.246
3.160	3.287	3.934	4.803	5.535	6.123	6.340	6.947	7.261
3.150	3.287	3.934	4.813	5.545	6.122	6.339	6.947	7.259
3.150	3.327	3.965	4.855	5.609	6.163	6.416	6.986	7.342
3.170	3.378	4.119	5.063	5.819	6.374	6.616	7.175	7.535
3.170	3.409	4.191	5.188	5.945	6.502	6.731	7.266	7.613
3.170	3.398	4.139	5.147	5.892	6.448	6.690	7.212	7.526
3.160	3.378	4.119	5.137	5.871	6.427	6.669	7.190	7.535
3.140	3.348	4.047	5.054	5.810	6.365	6.606	7.152	7.510
3.170	3.388	4.170	5.189	5.935	6.526	6.791	7.287	7.631
3.190	3.439	4.180	5.188	5.912	6.480	6.746	7.229	7.545
3.220	3.480	4.221	5.219	5.910	6.455	6.758	7.228	7.530
3.210	3.470	4.201	5.188	5.911	6.445	6.747	7.230	7.532
3.170	3.470	4.335	5.323	6.037	6.548	6.887	7.358	7.661
3.150	3.459	4.345	5.301	6.004	6.515	6.855	7.325	7.615
3.180	3.480	4.397	5.364	6.067	6.578	6.906	7.352	7.657
3.140	3.480	4.376	5.354	6.068	6.579	6.895	7.340	7.631
3.140	3.449	4.325	5.270	5.995	6.505	6.821	7.266	7.571
3.130	3.439	4.294	5.239	5.985	6.519	6.846	7.290	7.595
3.100	3.439	4.315	5.323	6.037	6.583	6.898	7.330	7.636
3.090	3.429	4.315	5.302	6.005	6.550	6.878	7.335	7.625
3.110	3.459	4.325	5.323	6.026	6.583	6.910	7.368	7.674
3.320	3.643	4.416	5.309	5.891	6.460	6.788	7.246	7.567
3.340	3.632	4.395	5.267	5.860	6.417	6.745	7.215	7.550
3.300	3.612	4.406	5.235	5.828	6.339	6.667	7.163	7.497
3.270	3.551	4.313	5.163	5.766	6.266	6.581	7.102	7.437
3.270	3.561	4.375	5.215	5.807	6.319	6.646	7.155	7.503
3.160	3.470	4.232	5.070	5.662	6.183	6.510	7.094	7.438
3.160	3.449	4.252	5.091	5.683	6.204	6.531	7.128	7.472
3.160	3.439	4.232	5.060	5.651	6.161	6.500	7.097	7.455
3.180	3.449	4.159	5.019	5.599	6.109	6.447	7.056	7.412
3.140	3.398	4.098	5.021	5.600	6.075	6.402	7.049	7.419
3.160	3.419	4.139	5.073	5.674	6.138	6.477	7.100	7.499
3.130	3.348	4.099	5.042	5.655	6.141	6.468	7.128	7.526
3.190	3.287	4.161	4.903	5.725	6.084	6.459	7.042	7.572
3.180	3.276	4.099	4.905	5.671	6.088	6.462	7.044	7.559
3.180	3.276	4.099	4.905	5.671	6.088	6.462	7.032	7.562
3.190	3.266	4.110	4.958	5.680	6.051	6.426	6.970	7.542
3.180	3.246	4.141	4.851	5.585	5.978	6.341	6.923	7.448
3.210	3.266	4.068	4.832	5.564	5.912	6.287	6.906	7.444
3.190	3.236	4.017	4.748	5.492	5.851	6.224	6.830	7.396
3.240	3.297	4.089	4.831	5.575	6.026	6.316	6.924	7.478
3.200	3.256	3.996	4.759	5.502	5.976	6.253	6.847	7.414
3.200	3.246	3.996	4.728	5.460	5.899	6.200	6.819	7.386
3.210	3.266	4.027	4.801	5.533	5.984	6.286	6.906	7.459
3.200	3.236	3.966	4.728	5.460	5.922	6.235	6.854	7.436
3.190	3.215	3.945	4.708	5.461	5.911	6.237	6.868	7.436
3.200	3.226	3.945	4.676	5.430	5.880	6.217	6.860	7.440
3.200	3.266	4.110	4.884	5.672	6.054	6.393	7.027	7.609
3.200	3.236	4.017	4.791	5.578	5.971	6.321	6.966	7.548
3.210	3.236	3.966	4.728	5.504	5.909	6.258	6.915	7.510
3.210	3.246	4.048	4.811	5.588	5.981	6.343	7.001	7.612
3.160	3.256	4.100	4.884	5.650	6.032	6.383	7.042	7.625
3.150	3.226	4.038	4.832	5.609	5.980	6.330	6.988	7.584
3.140	3.205	4.007	4.770	5.524	5.894	6.256	6.901	7.510
3.130	3.226	4.079	4.863	5.618	5.966	6.329	6.975	7.571
3.060	3.154	3.946	4.782	5.536	5.883	6.245	6.890	7.513
3.050	3.144	3.884	4.709	5.463	5.821	6.183	6.826	7.448
3.030	3.104	3.864	4.636	5.389	5.736	6.145	6.787	7.430
3.030	3.104	3.905	4.667	5.420	5.756	6.165	6.807	7.449
3.040	3.114	3.895	4.678	5.420	5.767	6.164	6.807	7.451
3.040	3.104	3.915	4.677	5.420	5.755	6.164	6.794	7.453
3.070	3.104	3.915	4.698	5.419	5.755	6.188	6.805	7.436
3.050	3.134	3.853	4.615	5.346	5.693	6.125	6.728	7.374
3.080	3.134	3.832	4.584	5.304	5.662	6.106	6.708	7.353
3.060	3.114	3.895	4.635	5.323	5.682	6.138	6.728	7.160
3.070	3.063	3.823	4.574	5.272	5.619	6.074	6.676	7.108
3.080	3.114	3.874	4.583	5.281	5.651	6.095	6.710	7.067
3.060	3.124	3.874	4.573	5.303	5.662	6.094	6.709	7.079
3.060	3.124	3.822	4.521	5.218	5.577	6.020	6.660	7.030
3.100	3.165	3.904	4.624	5.356	5.714	6.135	6.726	7.112
3.120	3.165	3.894	4.604	5.335	5.705	6.113	6.691	6.998
3.110	3.144	3.843	4.552	5.305	5.663	6.083	6.647	6.968
3.090	3.124	3.843	4.542	5.294	5.641	6.061	6.638	6.944
3.080	3.094	3.771	4.480	5.221	5.579	5.986	6.563	6.868
3.070	3.073	3.709	4.387	5.116	5.462	5.881	6.443	6.762
3.090	3.094	3.740	4.407	5.136	5.494	5.925	6.513	6.803
3.080	3.094	3.720	4.365	5.116	5.474	5.904	6.504	6.795
3.070	3.043	3.638	4.272	5.012	5.380	5.810	6.396	6.701
3.070	3.063	3.720	4.344	5.074	5.431	5.861	6.448	6.739
3.080	3.063	3.710	4.345	5.063	5.420	5.851	6.425	6.729
3.080	3.053	3.720	4.386	5.127	5.473	5.904	6.479	6.798
3.100	3.083	3.679	4.356	4.997	5.593	5.904	6.479	6.797
3.090	3.053	3.638	4.304	4.945	5.541	5.851	6.426	6.744
3.060	3.043	3.658	4.356	4.987	5.583	5.894	6.481	6.813
3.040	3.012	3.607	4.326	4.956	5.552	5.850	6.450	6.767
3.050	3.023	3.525	4.285	4.872	5.535	5.821	6.432	6.750
3.070	3.012	3.494	4.233	4.820	5.471	5.769	6.379	6.707
3.100	3.023	3.576	4.295	4.871	5.522	5.821	6.457	6.743
3.060	2.992	3.535	4.327	4.827	5.479	5.777	6.438	6.723
3.070	3.033	3.648	4.346	4.922	5.575	5.873	6.536	6.849
3.120	3.073	3.617	4.304	4.913	5.588	5.886	6.511	6.796
3.130	3.043	3.545	4.222	4.819	5.448	5.805	6.440	6.738
3.120	3.033	3.494	4.107	4.693	5.321	5.678	6.324	6.636
3.130	3.043	3.535	4.127	4.725	5.352	5.697	6.319	6.658
3.110	3.023	3.473	4.055	4.652	5.268	5.589	6.210	6.588
3.130	3.023	3.535	4.096	4.715	5.342	5.664	6.285	6.664
3.110	3.033	3.525	4.117	4.714	5.342	5.663	6.298	6.690
3.140	3.094	3.565	4.148	4.756	5.373	5.659	6.382	6.708
3.110	3.043	3.463	4.024	4.631	5.247	5.533	6.266	6.604
3.149	3.057	3.469	3.975	4.576	5.185	5.477	6.222	6.556
3.175	3.061	3.444	3.936	4.510	5.117	5.410	6.170	6.508
3.174	3.023	3.374	3.833	4.415	5.020	5.320	6.148	6.486
3.163	3.062	3.503	3.894	4.493	5.097	5.387	6.217	6.578
3.179	3.081	3.418	3.828	4.399	5.002	5.299	6.109	6.486
3.178	3.073	3.436	3.785	4.371	4.971	5.269	6.103	6.492
3.196	3.097	3.448	3.960	4.567	5.176	5.456	6.291	6.674
3.190	3.127	3.474	3.995	4.602	5.216	5.499	6.294	6.698
3.200	3.096	3.394	3.826	4.431	5.055	5.349	6.178	6.593
3.218	3.093	3.365	3.751	4.343	4.984	5.254	6.107	6.491
3.181	3.042	3.296	3.641	4.202	4.856	5.126	5.996	6.408
3.166	2.993	3.197	3.499	4.027	4.702	4.993	5.863	6.340
3.178	3.043	3.312	3.664	4.235	4.907	5.156	6.021	6.469
3.104	2.975	3.214	3.586	4.110	4.777	5.062	5.965	6.438
3.171	3.055	3.353	3.741	4.260	4.916	5.199	6.073	6.482
3.187	3.083	3.358	3.731	4.221	4.842	5.094	5.946	6.327
3.227	3.110	3.352	3.740	4.234	4.820	5.132	5.909	6.285
3.169	3.030	3.263	3.730	4.214	4.808	5.111	5.889	6.229
3.170	3.056	3.421	3.904	4.365	4.957	5.222	5.968	6.220
3.043	2.957	3.308	3.830	4.312	4.894	5.158	5.921	6.175
3.143	3.073	3.484	4.004	4.528	5.056	5.352	6.069	6.329
3.152	3.087	3.424	3.949	4.463	4.995	5.306	6.020	6.280
3.161	3.077	3.364	3.839	4.355	4.879	5.197	5.896	6.128
3.170	3.096	3.408	3.864	4.384	4.909	5.229	5.948	6.186
3.224	3.162	3.524	4.018	4.534	5.053	5.380	6.097	6.350
3.155	3.080	3.385	3.894	4.334	4.900	5.234	6.011	6.272
3.151	3.067	3.374	3.872	4.284	4.843	5.188	5.967	6.241
3.161	3.129	3.511	3.969	4.374	4.940	5.282	6.065	6.297
3.167	3.094	3.401	3.898	4.302	4.873	5.217	5.987	6.209
3.185	3.081	3.400	3.849	4.231	4.795	5.151	5.922	6.150
3.196	3.101	3.437	3.853	4.244	4.797	5.169	5.935	6.165
3.186	3.102	3.433	3.872	4.233	4.787	5.154	5.937	6.158
3.154	3.047	3.298	3.706	4.043	4.570	4.945	5.722	5.980
3.194	3.089	3.405	3.773	4.108	4.623	4.986	5.761	6.021
3.155	3.040	3.333	3.697	4.040	4.549	4.916	5.705	5.959
3.212	3.120	3.421	3.804	4.153	4.665	5.013	5.803	6.065
3.240	3.162	3.509	3.899	4.247	4.754	5.092	5.865	6.123
3.251	3.172	3.499	3.894	4.229	4.716	5.052	5.821	6.061
3.197	3.114	3.477	3.886	4.247	4.727	5.058	5.867	6.106
3.209	3.106	3.451	3.808	4.171	4.641	4.960	5.773	6.015
3.233	3.142	3.469	3.810	4.168	4.627	4.942	5.754	5.993
3.271	3.165	3.513	3.867	4.217	4.667	4.981	5.765	6.013
3.154	3.050	3.336	3.670	4.116	4.559	4.880	5.662	5.900
3.141	3.036	3.359	3.669	4.152	4.589	4.893	5.692	5.922
3.135	3.020	3.312	3.610	4.079	4.535	4.838	5.648	5.883
3.111	3.007	3.292	3.596	4.061	4.505	4.815	5.625	5.872
3.121	2.998	3.259	3.574	4.018	4.432	4.711	5.503	5.779
3.037	2.899	3.220	3.476	3.992	4.407	4.559	5.492	5.704
3.110	2.983	3.302	3.618	4.154	4.581	4.729	5.683	5.880
3.057	2.920	3.249	3.539	4.099	4.555	4.706	5.645	5.857
3.122	2.987	3.229	3.492	4.042	4.513	4.673	5.641	5.716
3.035	2.903	3.126	3.360	3.904	4.373	4.538	5.542	5.638
3.099	2.961	3.227	3.483	4.076	4.554	4.734	5.711	5.786
3.056	2.908	3.153	3.396	3.978	4.454	4.655	5.627	5.716
3.088	2.941	3.215	3.446	4.044	4.518	4.707	5.677	5.767
3.115	2.972	3.244	3.494	4.041	4.516	4.693	5.652	5.736
3.084	2.961	3.190	3.420	3.969	4.439	4.602	5.583	5.667
3.128	3.002	3.263	3.497	4.051	4.511	4.674	5.639	5.710
3.067	2.939	3.176	3.381	3.940	4.417	4.581	5.561	5.647
3.192	3.077	3.336	3.536	4.096	4.581	4.753	5.747	5.848
3.070	3.088	3.418	3.616	4.193	4.695	4.882	5.857	5.956
3.015	3.045	3.357	3.568	4.149	4.643	4.833	5.831	5.922
3.092	3.142	3.505	3.768	4.367	4.889	5.080	6.068	6.155
3.122	3.139	3.519	3.783	4.406	4.940	5.144	6.127	6.212
3.150	3.175	3.626	3.910	4.575	5.122	5.331	6.279	6.381
3.113	3.125	3.477	3.819	4.343	4.873	5.084	6.046	6.170
3.204	3.243	3.704	4.060	4.586	5.120	5.318	6.343	6.473
3.190	3.243	3.656	4.012	4.515	4.997	5.199	6.200	6.351
3.200	3.225	3.622	3.976	4.474	4.956	5.165	6.177	6.217
3.221	3.228	3.559	3.897	4.393	4.873	5.090	6.093	6.108
3.245	3.248	3.565	3.868	4.373	4.860	5.081	6.123	6.137
3.195	3.184	3.510	3.791	4.312	4.807	5.035	6.110	6.154
3.124	3.084	3.389	3.645	4.161	4.631	4.857	5.937	5.992
3.105	3.066	3.345	3.621	4.136	4.622	4.853	5.948	6.013
3.057	3.045	3.289	3.560	4.075	4.552	4.787	5.872	5.956
3.017	3.046	3.344	3.659	4.188	4.690	4.930	6.000	6.073
2.960	3.026	3.331	3.651	4.182	4.709	4.964	6.012	6.086
3.005	3.039	3.366	3.707	4.228	4.740	4.993	6.060	6.140
2.809	2.864	3.265	3.705	4.217	4.708	4.948	6.003	6.075
2.838	2.898	3.311	3.737	4.195	4.624	4.832	5.876	5.872
2.821	2.870	3.300	3.735	4.173	4.596	4.800	5.791	5.816
2.780	2.829	3.250	3.679	4.136	4.557	4.760	5.765	5.748
2.780	2.828	3.228	3.621	4.087	4.538	4.749	5.765	5.763
2.745	2.803	3.212	3.548	4.038	4.499	4.705	5.714	5.732
2.761	2.830	3.314	3.714	4.250	4.725	4.943	5.979	5.967
2.755	2.813	3.295	3.699	4.218	4.694	4.919	5.942	5.930
2.771	2.830	3.309	3.708	4.232	4.692	4.917	5.932	5.908
2.758	2.824	3.313	3.707	4.219	4.688	4.915	5.909	5.874
2.723	2.792	3.300	3.751	4.286	4.760	4.986	5.990	5.920
2.719	2.788	3.345	3.832	4.375	4.861	5.086	6.089	6.014
2.704	2.782	3.321	3.850	4.399	4.891	5.101	6.097	6.022
2.711	2.792	3.330	3.835	4.375	4.873	5.085	6.094	6.019
2.711	2.774	3.255	3.727	4.279	4.761	4.973	5.968	5.908
2.709	2.797	3.387	3.863	4.477	4.993	5.212	6.240	6.138
2.710	2.802	3.358	3.865	4.454	4.993	5.218	6.240	6.130
2.670	2.752	3.271	3.785	4.348	4.904	5.142	6.143	6.053
2.672	2.771	3.255	3.799	4.388	4.957	5.172	6.168	6.209
2.661	2.758	3.226	3.758	4.347	4.918	5.140	5.889	6.192
2.665	2.754	3.166	3.717	4.309	4.863	5.075	5.842	6.301
2.663	2.753	3.176	3.719	4.311	4.845	5.064	5.824	6.298
2.669	2.726	3.125	3.605	4.201	4.746	4.974	5.737	6.252
2.675	2.743	3.121	3.578	4.147	4.681	4.913	5.675	6.197
2.713	2.781	3.185	3.652	4.213	4.742	4.960	5.725	6.251
2.673	2.739	3.153	3.605	4.160	4.684	4.903	5.657	6.194
2.696	2.764	3.156	3.606	4.163	4.704	4.925	5.681	6.223
2.714	2.791	3.174	3.640	4.196	4.734	4.970	5.746	6.294
2.728	2.795	3.208	3.704	4.260	4.812	5.050	5.833	6.390
2.674	2.758	3.149	3.628	4.185	4.742	4.981	5.753	6.328
2.598	2.669	3.075	3.467	4.002	4.544	4.804	5.574	6.164
2.612	2.671	2.990	3.427	3.936	4.473	4.733	5.505	6.099
2.642	2.715	3.057	3.479	3.990	4.530	4.758	5.549	6.140
2.604	2.744	3.067	3.482	3.985	4.541	4.771	5.549	6.149
2.623	2.720	3.008	3.429	3.948	4.520	4.740	5.505	6.110
2.624	2.710	3.002	3.429	3.944	4.510	4.726	5.500	6.110
2.615	2.684	2.954	3.378	3.884	4.457	4.692	5.458	6.080
2.644	2.735	2.967	3.353	3.846	4.404	4.640	5.407	6.043
2.663	2.706	2.958	3.336	3.815	4.364	4.597	5.375	6.015
2.775	2.780	2.879	3.123	3.655	4.280	4.607	5.353	5.947
2.776	2.790	2.873	3.114	3.644	4.273	4.605	5.361	5.952
2.844	2.868	3.043	3.353	3.911	4.582	4.916	5.678	6.030
2.808	2.832	2.997	3.292	3.861	4.524	4.870	5.620	5.965
2.805	2.858	3.039	3.353	3.932	4.600	4.947	5.675	6.017
2.811	2.854	3.019	3.318	3.896	4.560	4.912	5.643	5.985
2.820	2.859	2.954	3.322	4.079	4.597	4.946	5.663	6.002
2.776	2.816	2.941	3.400	4.173	4.725	5.077	5.799	6.115
2.745	2.769	2.826	3.276	4.085	4.637	5.008	5.739	6.046
2.776	2.807	2.877	3.333	4.104	4.638	5.004	5.735	6.067
2.770	2.803	2.867	3.285	4.053	4.578	4.933	5.672	6.019
2.760	2.792	2.834	3.262	4.035	4.579	4.927	5.656	5.999
2.743	2.781	2.859	3.272	4.058	4.601	4.947	5.682	6.017
2.761	2.780	2.891	3.244	4.058	4.625	4.970	5.601	5.958
2.763	2.770	2.886	3.246	4.020	4.548	4.892	5.624	5.972
2.785	2.788	2.901	3.234	3.991	4.512	4.867	5.593	5.958
2.489	2.499	2.588	3.212	3.945	4.452	4.800	5.535	5.901
2.515	2.534	2.630	3.271	4.009	4.509	4.857	5.584	5.951
2.475	2.498	2.620	3.252	3.988	4.490	4.829	5.557	5.920
2.476	2.459	2.652	3.251	3.994	4.500	4.840	5.580	5.939
2.569	2.564	2.629	3.238	3.988	4.503	4.846	5.582	5.936
2.600	2.608	2.702	3.331	4.082	4.605	4.949	5.682	6.022
2.599	2.561	2.663	3.259	4.016	4.513	4.896	5.637	5.958
2.595	2.576	2.670	3.274	4.029	4.527	4.900	5.633	5.956
2.701	2.701	2.969	3.311	4.078	4.594	4.958	5.623	5.992
2.669	2.661	2.891	3.222	3.968	4.480	4.847	5.514	5.894
2.653	2.662	2.919	3.248	4.037	4.567	4.919	5.588	5.954
2.647	2.643	2.673	3.207	3.982	4.509	4.861	5.529	5.898
2.612	2.603	2.625	3.141	3.911	4.441	4.801	5.471	5.858
2.614	2.613	2.640	3.178	3.955	4.478	4.840	5.518	5.885
2.632	2.606	2.626	3.163	3.932	4.459	4.825	5.503	5.891
2.627	2.616	2.584	3.125	3.871	4.379	4.741	5.426	5.838
2.505	2.588	2.523	3.166	3.720	4.117	4.713	5.406	5.880
2.538	2.587	2.630	3.326	3.888	4.232	4.826	5.565	6.035
2.539	2.606	2.587	3.248	3.821	4.226	4.819	5.532	6.003
2.474	2.514	2.514	3.195	3.751	4.145	4.743	5.305	5.717
2.547	2.617	2.578	3.232	3.788	4.164	4.762	5.308	5.865
2.322	2.420	2.497	3.054	3.759	4.266	4.518	5.378	5.803
2.312	2.410	2.513	3.062	3.756	4.273	4.522	5.399	5.815
2.315	2.405	2.482	3.026	3.713	4.228	4.476	5.340	5.763
2.331	2.417	2.510	3.031	3.711	4.222	4.463	5.339	5.751
2.293	2.380	2.441	2.959	3.627	4.132	4.374	5.233	5.651
2.334	2.422	2.492	3.012	3.671	4.169	4.405	5.249	5.662
2.312	2.390	2.473	2.941	3.592	4.095	4.322	5.172	5.589
2.262	2.361	2.431	2.896	3.537	4.032	4.259	5.112	5.532
2.237	2.315	2.385	2.838	3.482	3.976	4.198	5.056	5.478
2.241	2.332	2.408	2.826	3.476	3.963	4.189	5.050	5.492
2.237	2.317	2.398	2.846	3.500	3.992	4.219	5.076	5.515
2.164	2.248	2.317	2.772	3.427	3.937	4.168	5.045	5.484
2.090	2.164	2.233	2.677	3.325	3.810	4.047	4.913	5.368
2.101	2.180	2.237	2.717	3.362	3.858	4.085	4.965	5.393
2.112	2.202	2.298	2.782	3.421	3.903	4.125	4.981	5.385
2.165	2.268	2.450	2.966	3.626	4.115	4.334	5.196	5.564
2.122	2.214	2.340	2.870	3.543	4.024	4.243	5.106	5.485
2.146	2.243	2.425	2.978	3.668	4.171	4.393	5.258	5.641
2.143	2.220	2.403	3.015	3.724	4.229	4.459	5.305	5.686
2.166	2.253	2.421	3.068	3.808	4.331	4.564	5.423	5.796
2.164	2.242	2.364	2.992	3.740	4.273	4.500	5.386	5.787
2.272	2.362	2.556	3.228	3.983	4.535	4.763	5.648	6.041
2.306	2.378	2.512	3.129	3.866	4.413	4.647	5.534	5.877
2.348	2.424	2.552	3.150	3.893	4.437	4.658	5.562	5.902
2.341	2.403	2.533	3.099	3.849	4.405	4.619	5.524	5.881
2.321	2.403	2.519	3.091	3.830	4.389	4.614	5.526	5.889
2.203	2.280	2.322	2.972	3.716	4.294	4.512	5.420	5.819
2.216	2.279	2.315	2.939	3.661	4.203	4.429	5.323	5.731
2.263	2.309	2.369	2.982	3.701	4.259	4.483	5.393	5.808
2.285	2.343	2.424	3.102	3.829	4.400	4.630	5.551	5.948
2.270	2.328	2.401	3.060	3.806	4.375	4.609	5.547	5.736
2.257	2.315	2.387	3.072	3.823	4.398	4.633	5.576	5.770
2.274	2.336	2.386	3.086	3.852	4.372	4.656	5.569	5.764
2.323	2.381	2.427	3.110	3.867	4.381	4.670	5.577	5.775
2.288	2.345	2.391	3.055	3.805	4.315	4.605	5.516	5.723
2.313	2.382	2.459	3.153	3.879	4.385	4.673	5.580	5.788
2.295	2.376	2.437	3.140	3.867	4.379	4.664	5.555	5.768
2.316	2.410	2.499	3.231	3.961	4.460	4.743	5.629	5.824
2.291	2.383	2.475	3.204	3.928	4.422	4.706	5.579	5.772
2.265	2.371	2.432	3.145	3.871	4.364	4.644	5.515	5.712
2.289	2.395	2.456	3.170	3.896	4.389	4.669	5.540	5.737
2.288	2.396	2.468	3.197	3.923	4.429	4.710	5.560	5.753
2.276	2.387	2.460	3.191	3.917	4.422	4.701	5.551	5.744
2.303	2.402	2.467	3.167	3.926	4.433	4.713	5.573	5.764
2.306	2.406	2.471	3.172	3.931	4.438	4.717	5.577	5.768
2.248	2.348	2.412	3.083	3.873	4.376	4.657	5.516	5.699
2.189	2.277	2.308	2.977	3.709	4.216	4.513	5.392	5.593
2.239	2.338	2.384	3.056	3.777	4.285	4.588	5.467	5.660
2.238	2.336	2.394	3.073	3.802	4.311	4.618	5.497	5.686
2.193	2.281	2.301	2.919	3.642	4.158	4.474	5.365	5.568
2.186	2.273	2.308	2.916	3.629	4.159	4.465	5.367	5.591
2.227	2.316	2.381	3.025	3.735	4.260	4.589	5.487	5.687
2.173	2.271	2.325	2.959	3.668	4.169	4.505	5.261	5.606
2.172	2.238	2.256	2.853	3.549	4.035	4.362	5.137	5.506
2.179	2.257	2.296	2.843	3.513	3.958	4.232	5.024	5.394
2.158	2.255	2.314	2.880	3.513	3.955	4.235	5.006	5.387
2.161	2.249	2.307	2.857	3.496	3.934	4.215	4.975	5.346
2.125	2.242	2.295	2.840	3.475	3.915	4.196	4.941	5.294
2.134	2.241	2.314	2.861	3.482	3.896	4.172	4.915	5.262
2.092	2.219	2.266	2.801	3.398	3.818	4.080	4.833	5.173
1.797	1.901	2.187	2.581	3.277	3.793	4.055	4.596	5.199
1.968	2.032	2.175	2.445	3.134	3.640	3.902	4.457	5.072
1.996	2.062	2.121	2.599	3.171	3.652	3.958	4.533	5.293
1.948	1.971	2.038	2.490	3.059	3.497	3.744	4.377	5.134
1.994	2.018	2.133	2.583	3.149	3.601	3.824	4.439	5.168
1.995	2.009	2.085	2.551	3.095	3.461	3.736	4.356	5.080
2.015	2.030	2.128	2.594	3.137	3.509	3.781	4.402	5.125
2.017	2.032	2.125	2.589	3.142	3.512	3.785	4.406	5.123
2.027	2.042	2.120	2.553	3.133	3.521	3.806	4.474	5.219
2.029	2.045	2.142	2.546	3.096	3.493	3.798	4.462	5.227
2.032	2.016	2.109	2.516	3.050	3.421	3.725	4.369	5.133
2.060	2.055	2.157	2.577	3.084	3.469	3.779	4.417	5.192
2.061	2.056	2.132	2.594	2.910	3.421	3.743	4.449	5.222
2.036	2.022	2.105	2.508	2.844	3.344	3.675	4.375	5.170
1.947	1.947	2.087	2.460	2.809	3.296	3.617	4.329	5.116
1.960	1.950	2.079	2.498	2.857	3.359	3.681	4.410	5.184
1.946	1.936	2.079	2.493	2.861	3.379	3.713	4.412	5.175
1.922	1.902	2.007	2.425	2.788	3.292	3.619	4.324	5.094
1.873	1.852	1.996	2.361	2.705	3.190	3.516	4.220	5.005
1.809	1.807	1.955	2.371	2.733	3.226	3.544	4.235	4.997
1.788	1.766	1.918	2.322	2.677	3.161	3.478	4.181	4.947
1.729	1.727	1.902	2.306	2.655	3.125	3.441	4.133	4.892
1.724	1.734	1.915	2.365	2.732	3.204	3.513	4.194	4.938
1.733	1.741	1.923	2.414	2.812	3.296	3.606	4.281	5.008
1.658	1.665	1.915	2.416	2.845	3.291	3.676	4.373	5.110
1.593	1.600	1.853	2.340	2.775	3.237	3.623	4.340	5.098
1.602	1.619	1.851	2.349	2.791	3.253	3.647	4.362	5.129
1.623	1.650	1.853	2.333	2.752	3.210	3.600	4.308	5.083
1.605	1.622	1.830	2.285	2.689	3.141	3.529	4.230	5.008
1.678	1.706	1.960	2.453	2.852	3.323	3.690	4.387	5.151
1.631	1.699	2.014	2.550	2.966	3.433	3.823	4.528	5.282
1.657	1.746	2.008	2.520	2.971	3.448	3.810	4.526	5.317
1.661	1.779	2.003	2.485	2.924	3.417	3.788	4.492	5.302
1.724	1.792	2.058	2.522	2.979	3.465	3.851	4.563	5.382
1.685	1.774	2.012	2.480	2.928	3.417	3.806	4.527	5.353
1.677	1.776	2.043	2.515	2.983	3.496	3.928	4.647	5.498
1.688	1.767	2.022	2.508	2.984	3.491	3.895	4.646	5.482
1.712	1.781	2.041	2.549	3.067	3.579	3.989	4.727	5.566
1.915	2.017	2.072	2.451	2.990	3.469	3.891	4.791	5.439
1.894	2.005	2.051	2.418	2.960	3.433	3.854	4.752	5.400
1.923	2.025	2.060	2.413	2.946	3.429	3.846	4.723	5.386
1.848	1.960	1.978	2.409	2.923	3.388	3.809	4.704	5.387
1.855	1.966	2.011	2.470	3.011	3.494	3.910	4.811	5.488
1.864	1.987	2.064	2.599	3.220	3.766	4.202	5.106	5.779
1.801	1.919	1.932	2.509	3.116	3.635	4.078	4.980	5.638
1.832	1.960	1.995	2.568	3.180	3.700	4.145	5.040	5.693
1.836	1.967	2.051	2.625	3.243	3.797	4.246	5.138	5.780
1.840	1.968	2.061	2.748	3.428	4.013	4.456	5.354	5.993
1.808	1.934	1.976	2.625	3.304	3.869	4.331	5.223	5.875
1.844	1.963	2.080	2.636	3.303	3.878	4.345	5.242	5.903
1.839	1.959	2.024	2.634	3.297	3.902	4.372	5.287	5.952
1.769	1.895	1.945	2.540	3.304	3.922	4.359	5.290	5.946
1.835	1.946	2.017	2.684	3.484	4.090	4.543	5.452	6.084
1.960	2.074	2.187	2.832	3.467	4.241	4.627	5.588	6.164
1.922	2.031	2.099	2.722	3.317	4.065	4.440	5.426	5.977
1.933	2.084	2.239	2.869	3.426	4.174	4.537	5.551	6.122
1.949	2.120	2.272	2.929	3.484	4.235	4.572	5.599	6.112
1.987	2.138	2.246	2.836	3.382	4.116	4.445	5.474	6.016
1.968	2.140	2.375	3.060	3.629	4.329	4.660	5.668	6.218
1.942	2.094	2.331	2.967	3.556	4.203	4.525	5.507	6.052
1.924	2.086	2.304	2.908	3.486	4.152	4.483	5.457	5.984
1.948	2.110	2.320	2.918	3.495	4.155	4.491	5.471	6.043
1.949	2.130	2.361	2.993	3.579	4.238	4.579	5.562	6.143
1.936	2.106	2.323	2.958	3.550	4.270	4.633	5.634	6.228
1.904	2.076	2.314	3.017	3.654	4.338	4.735	5.736	6.327
1.905	2.077	2.230	2.972	3.638	4.316	4.693	5.693	6.258
2.025	2.123	2.409	3.111	3.872	4.409	4.910	5.780	6.317
1.904	2.010	2.270	3.125	3.827	4.342	4.810	5.688	6.209
1.917	2.012	2.283	3.051	3.738	4.261	4.720	5.593	6.126
1.909	2.005	2.308	3.109	3.822	4.354	4.826	5.677	6.193
1.886	1.993	2.312	3.181	3.892	4.425	4.902	5.718	6.188
1.891	1.978	2.332	3.198	3.899	4.442	4.907	5.717	6.177
1.892	1.951	2.333	3.231	3.929	4.486	4.943	5.751	6.212
1.911	1.983	2.316	3.177	3.889	4.448	4.912	5.720	6.180
1.924	1.999	2.366	3.266	3.991	4.538	5.011	5.812	6.258
1.894	1.980	2.281	3.184	3.848	4.386	4.861	5.643	6.121
1.922	2.009	2.245	3.243	3.921	4.489	4.959	5.729	6.204
1.924	2.013	2.353	3.259	3.919	4.490	4.949	5.721	6.198
1.876	1.986	2.367	3.295	4.004	4.605	5.074	5.858	6.306
1.880	1.965	2.348	3.262	3.975	4.578	5.051	5.836	6.304
1.867	1.963	2.285	3.143	3.850	4.437	4.923	5.711	6.211
1.881	1.977	2.247	3.004	3.690	4.261	4.746	5.537	6.089
1.901	1.998	2.277	3.059	3.778	4.344	4.838	5.632	6.187
1.873	1.968	2.216	2.965	3.656	4.228	4.720	5.521	6.094
1.899	1.974	2.218	2.934	3.596	4.153	4.633	5.440	6.033
1.909	2.005	2.274	3.021	3.700	4.213	4.743	5.516	6.095
1.905	1.981	2.230	2.932	3.578	4.092	4.612	5.431	6.020
1.880	1.963	2.207	2.883	3.533	4.053	4.578	5.415	6.024
1.909	1.983	2.224	2.903	3.547	4.066	4.589	5.436	6.056
1.890	1.975	2.232	2.918	3.525	4.024	4.524	5.339	5.928
1.926	2.002	2.259	2.970	3.569	4.059	4.554	5.368	5.935
1.889	1.975	2.259	2.976	3.576	4.069	4.562	5.356	5.896
1.847	1.960	2.204	2.910	3.528	4.039	4.551	5.356	5.928
1.871	1.964	2.219	2.929	3.547	4.051	4.555	5.364	5.935
1.874	1.969	2.227	2.918	3.515	4.013	4.508	5.300	5.869
1.848	1.943	2.247	2.886	3.470	3.958	4.432	5.220	5.780
1.874	1.959	2.237	2.815	3.381	3.861	4.341	5.138	5.714
1.899	1.986	2.125	2.739	3.312	3.964	4.448	5.243	5.759
1.888	1.974	2.070	2.603	3.167	3.819	4.305	5.097	5.623
1.891	1.977	2.071	2.599	3.170	3.770	4.253	5.053	5.644
1.889	1.974	2.077	2.621	3.203	3.815	4.309	5.123	5.708
1.823	1.929	2.086	2.726	3.345	3.974	4.482	5.301	5.854
1.782	1.888	2.035	2.611	3.226	3.904	4.407	5.165	5.794
1.796	1.899	2.063	2.669	3.297	3.994	4.509	5.276	5.908
1.776	1.890	2.051	2.645	3.268	3.955	4.462	5.242	5.889
1.799	1.904	2.074	2.685	3.319	4.014	4.535	5.310	5.965
1.800	1.905	2.072	2.686	3.300	3.983	4.504	5.258	5.946
1.811	1.917	2.084	2.683	3.307	3.996	4.506	5.274	5.932
1.813	1.919	2.107	2.743	3.386	4.079	4.599	5.382	6.034
1.792	1.886	2.101	2.792	3.422	4.123	4.642	5.417	6.050
1.796	1.911	2.182	2.966	3.590	4.272	4.758	5.511	6.107
1.779	1.885	2.131	2.875	3.512	4.183	4.660	5.414	6.011
1.813	1.920	2.162	2.892	3.530	4.198	4.672	5.420	6.028
1.808	1.901	2.136	2.864	3.485	4.146	4.618	5.355	5.962
1.798	1.882	2.092	2.770	3.385	4.034	4.494	5.234	5.855
1.794	1.889	2.115	2.822	3.458	4.103	4.560	5.294	5.936
1.785	1.880	2.077	2.736	3.353	3.998	4.452	5.184	5.833
1.796	1.874	2.090	2.780	3.393	4.038	4.486	5.220	5.851
1.773	1.845	2.026	2.660	3.269	3.912	4.372	5.093	5.755
1.777	1.861	2.074	2.753	3.384	4.037	4.505	5.235	5.888
1.768	1.863	2.018	2.810	3.430	4.140	4.585	5.301	5.921
1.785	1.880	2.036	2.787	3.405	4.112	4.554	5.265	5.884
1.774	1.880	2.076	2.855	3.470	4.175	4.622	5.338	5.941
1.770	1.873	2.049	2.814	3.425	4.127	4.564	5.280	5.880
1.788	1.892	2.105	2.907	3.524	4.232	4.656	5.365	5.946
1.764	1.890	2.123	2.944	3.568	4.284	4.701	5.412	5.991
1.780	1.896	2.155	2.985	3.614	4.335	4.751	5.453	6.027
1.765	1.892	2.148	2.999	3.627	4.348	4.763	5.458	6.025
1.778	1.902	2.156	3.011	3.700	4.357	4.770	5.465	6.033
1.768	1.893	2.156	3.004	3.655	4.309	4.718	5.407	5.981
1.774	1.869	2.085	2.858	3.512	4.134	4.565	5.245	5.841
1.776	1.861	2.029	2.785	3.413	4.036	4.470	5.151	5.758
1.771	1.866	2.033	2.766	3.395	4.001	4.438	5.121	5.738
1.774	1.858	2.041	2.760	3.372	3.968	4.397	5.076	5.691
1.754	1.853	2.088	2.859	3.480	4.081	4.507	5.184	5.785
1.712	1.792	1.977	2.734	3.354	3.953	4.363	5.044	5.650
1.753	1.844	2.072	2.820	3.433	4.026	4.444	5.120	5.708
1.738	1.841	2.089	2.884	3.503	4.102	4.520	5.191	5.761
1.711	1.810	2.050	2.803	3.430	4.028	4.436	5.119	5.690
1.714	1.834	2.099	2.901	3.513	4.111	4.526	5.199	5.757
1.714	1.835	2.094	2.900	3.513	4.111	4.526	5.197	5.757
1.717	1.839	2.199	2.986	3.613	4.223	4.630	5.305	5.849
1.694	1.839	2.213	3.032	3.662	4.290	4.699	5.376	5.896
1.694	1.829	2.190	3.002	3.644	4.280	4.696	5.378	5.901
1.691	1.828	2.197	3.027	3.676	4.310	4.722	5.407	5.935
1.707	1.843	2.179	3.010	3.669	4.295	4.700	5.372	5.911
1.691	1.823	2.064	2.841	3.489	4.101	4.527	5.205	5.778
1.683	1.809	2.078	2.857	3.511	4.121	4.536	5.219	5.797
1.704	1.833	2.131	2.930	3.592	4.225	4.644	5.327	5.890
1.694	1.814	2.066	2.873	3.536	4.169	4.582	5.275	5.857
1.682	1.792	1.980	2.748	3.398	4.041	4.473	5.159	5.769
1.709	1.819	2.050	2.792	3.447	4.081	4.513	5.198	5.804
1.694	1.815	2.035	2.802	3.448	4.078	4.515	5.202	5.805
1.704	1.812	2.005	2.774	3.413	4.039	4.469	5.155	5.763
1.685	1.794	2.013	2.775	3.410	4.025	4.449	5.120	5.715
1.667	1.756	1.987	2.752	3.385	3.991	4.408	5.067	5.641
1.663	1.763	2.004	2.759	3.390	3.989	4.422	5.083	5.657
1.663	1.775	2.026	2.775	3.415	4.022	4.449	5.110	5.679
1.662	1.765	2.043	2.819	3.487	4.117	4.543	5.214	5.777
1.672	1.774	1.997	2.766	3.396	4.017	4.460	5.124	5.709
1.673	1.775	1.992	2.767	3.397	4.017	4.460	5.123	5.709
1.658	1.771	2.010	2.749	3.361	3.986	4.421	5.083	5.680
1.668	1.793	2.014	2.791	3.416	4.055	4.505	5.188	5.778
1.689	1.784	2.012	2.768	3.411	4.048	4.503	5.200	5.799
1.706	1.791	2.010	2.779	3.424	4.067	4.548	5.198	5.804
1.707	1.792	2.004	2.779	3.424	4.067	4.548	5.197	5.804
1.697	1.795	2.079	2.850	3.538	4.190	4.630	5.340	5.939
1.740	1.866	2.122	2.908	3.466	4.128	4.539	5.196	5.747
1.788	1.913	2.122	2.868	3.420	4.080	4.483	5.135	5.695
1.792	1.946	2.153	2.901	3.434	4.085	4.486	5.134	5.697
1.691	1.837	2.077	2.818	3.352	3.997	4.417	5.045	5.684
1.689	1.803	1.974	2.644	3.145	3.774	4.197	4.840	5.501
1.783	1.848	2.007	2.684	3.240	3.804	4.124	4.967	5.462
1.745	1.816	1.936	2.588	3.130	3.671	3.995	4.841	5.352
1.743	1.816	1.963	2.638	3.173	3.708	4.013	4.845	5.336
1.715	1.791	1.962	2.637	3.172	3.706	4.001	4.819	5.283
1.717	1.794	1.980	2.661	3.212	3.768	4.089	4.876	5.338
1.720	1.798	1.982	2.665	3.216	3.771	4.091	4.877	5.338
1.712	1.787	1.952	2.641	3.207	3.760	4.063	4.899	5.359
1.703	1.765	1.873	2.614	3.172	3.718	4.017	4.849	5.307
1.668	1.729	1.825	2.546	3.092	3.683	3.974	4.803	5.334
1.688	1.751	1.886	2.626	3.201	3.812	4.114	4.951	5.473
1.699	1.753	1.880	2.652	3.229	3.851	4.162	5.000	5.525
1.689	1.742	1.845	2.592	3.164	3.777	4.083	4.919	5.455
1.738	1.800	1.973	2.795	3.376	3.982	4.273	5.101	5.594
1.722	1.794	1.950	2.745	3.333	3.951	4.234	5.065	5.561
1.703	1.776	1.894	2.738	3.276	3.929	4.188	5.024	5.518
1.715	1.779	1.903	2.725	3.271	3.935	4.195	5.038	5.535
1.730	1.791	1.880	2.677	3.223	3.885	4.147	4.987	5.494
1.770	1.843	1.880	2.686	3.238	3.827	4.195	5.006	5.508
1.789	1.863	1.938	2.770	3.323	3.918	4.276	5.082	5.573
1.766	1.839	1.873	2.675	3.215	3.797	4.161	4.960	5.464
1.788	1.852	1.886	2.680	3.207	3.777	4.136	4.941	5.449
1.794	1.856	1.935	2.746	3.279	3.854	4.207	5.009	5.511
1.758	1.821	1.853	2.633	3.203	3.668	4.074	4.889	5.413
1.760	1.823	1.865	2.646	3.211	3.677	4.105	4.906	5.443
1.766	1.819	1.834	2.619	3.174	3.640	4.077	4.881	5.416
1.768	1.821	1.837	2.623	3.176	3.642	4.079	4.882	5.416
1.774	1.837	1.842	2.621	3.182	3.648	4.074	4.891	5.419
1.751	1.813	1.830	2.624	3.186	3.652	4.077	4.882	5.413
1.768	1.821	1.820	2.583	3.150	3.619	4.048	4.854	5.387
1.773	1.836	1.872	2.647	3.218	3.701	4.140	4.931	5.462
1.773	1.826	1.844	2.587	3.146	3.613	4.054	4.850	5.385
1.663	1.715	1.867	2.540	3.105	3.654	4.077	4.879	5.417
1.660	1.702	1.852	2.494	3.064	3.616	4.043	4.848	5.387
1.675	1.717	1.848	2.544	3.091	3.649	4.084	4.896	5.433
1.656	1.689	1.845	2.504	3.043	3.588	4.021	4.816	5.353
1.605	1.631	1.851	2.504	3.041	3.593	4.026	4.815	5.342
1.622	1.660	1.921	2.583	3.126	3.671	4.107	4.900	5.421
1.605	1.644	1.899	2.579	3.127	3.679	4.104	4.905	5.423
1.613	1.652	1.906	2.562	3.111	3.647	4.072	4.864	5.394
1.600	1.659	1.864	2.464	2.977	3.507	3.917	4.707	5.262
1.650	1.706	1.867	2.452	2.945	3.452	3.863	4.622	5.174
1.666	1.734	1.876	2.446	2.921	3.423	3.824	4.580	5.135
1.571	1.638	1.797	2.427	2.899	3.398	3.788	4.551	5.091
1.579	1.646	1.766	2.396	2.856	3.358	3.767	4.519	5.082
1.600	1.669	1.873	2.474	2.947	3.464	3.871	4.618	5.177
1.582	1.670	1.848	2.474	2.940	3.459	3.859	4.602	5.147
1.589	1.667	1.838	2.424	2.873	3.380	3.775	4.523	5.066
1.587	1.685	1.871	2.466	2.924	3.431	3.820	4.578	5.118
1.572	1.660	1.835	2.473	2.951	3.463	3.858	4.616	5.141
1.573	1.671	1.833	2.466	2.946	3.465	3.871	4.632	5.162
1.575	1.672	1.818	2.435	2.908	3.411	3.812	4.566	5.099
1.578	1.665	1.819	2.429	2.893	3.395	3.793	4.553	5.076
1.509	1.596	1.759	2.362	2.824	3.341	3.789	4.552	5.140
1.567	1.654	1.800	2.427	2.890	3.414	3.865	4.641	5.238
1.535	1.614	1.792	2.466	2.939	3.463	3.933	4.703	5.292
1.552	1.633	1.830	2.508	2.990	3.533	4.003	4.775	5.362
1.540	1.617	1.844	2.500	2.985	3.525	3.993	4.762	5.351
1.542	1.619	1.824	2.465	2.933	3.460	3.931	4.698	5.303
1.543	1.642	1.884	2.527	3.004	3.538	4.008	4.770	5.360
1.550	1.660	2.007	2.756	3.283	3.839	4.315	5.090	5.635
1.510	1.640	1.961	2.760	3.308	3.876	4.353	5.123	5.668
1.514	1.641	1.937	2.721	3.258	3.882	4.831	5.033	5.587
1.548	1.676	1.956	2.766	3.305	3.861	4.359	5.107	5.662
1.537	1.666	1.975	2.775	3.332	3.893	4.381	5.147	5.699
1.538	1.668	1.976	2.777	3.334	3.894	4.382	5.146	5.685
1.528	1.658	1.951	2.793	3.355	3.925	4.411	5.179	5.712
1.533	1.681	2.021	2.905	3.476	4.053	4.543	5.311	5.846
1.518	1.719	2.079	2.964	3.507	4.066	4.556	5.314	5.825
1.560	1.762	2.116	2.858	3.544	4.118	4.593	5.349	5.898
1.577	1.748	2.090	2.812	3.495	4.067	4.533	5.302	5.862
1.611	1.783	2.149	2.888	3.579	4.150	4.614	5.380	5.933
1.668	1.858	2.284	3.074	3.712	4.226	4.668	5.433	5.817
1.647	1.838	2.291	3.072	3.700	4.205	4.649	5.385	5.763
1.649	1.862	2.306	3.056	3.681	4.190	4.632	5.371	5.754
1.676	1.910	2.416	3.186	3.820	4.321	4.754	5.485	5.833
1.599	1.788	2.219	3.092	3.639	4.167	4.548	5.348	5.836
1.599	1.777	2.191	3.018	3.577	4.104	4.485	5.294	5.795
1.623	1.799	2.274	3.136	3.724	4.257	4.635	5.436	5.924
1.745	1.848	2.491	3.165	3.728	4.311	4.540	5.355	5.941
1.752	1.887	2.500	3.150	3.720	4.297	4.524	5.327	5.925
1.793	1.920	2.532	3.172	3.734	4.323	4.541	5.351	5.946
1.824	1.945	2.542	3.199	3.789	4.383	4.612	5.425	6.031
1.690	1.812	2.397	3.086	3.671	4.272	4.729	5.368	6.118
1.728	1.873	2.476	3.165	3.741	4.332	4.787	5.420	6.165
1.799	2.007	2.652	3.427	4.017	4.607	5.049	5.652	6.344
1.767	1.983	2.626	3.367	3.972	4.566	5.012	5.627	6.340
1.773	2.003	2.615	3.371	3.954	4.542	4.990	5.596	6.309
1.787	2.021	2.686	3.425	4.045	4.616	5.066	5.685	6.416
1.757	2.034	2.724	3.495	4.109	4.676	5.137	5.731	6.466
1.731	2.017	2.597	3.371	3.992	4.549	5.013	5.628	6.344
1.782	2.034	2.583	3.340	3.947	4.498	4.952	5.561	6.295
1.781	2.053	2.641	3.397	3.998	4.559	5.000	5.623	6.349
1.759	2.047	2.660	3.423	4.032	4.586	5.033	5.653	6.368
