4.770	4.919	4.961	4.960	5.068	5.122	5.155	5.258	5.386
4.740	4.858	5.013	5.044	5.043	5.143	5.187	5.278	5.380
4.780	4.899	5.085	5.137	5.168	5.245	5.289	5.393	5.484
4.700	4.806	4.941	5.035	5.056	5.166	5.186	5.349	5.400
4.740	4.940	4.991	5.075	5.107	5.228	5.237	5.424	5.461
4.780	4.970	5.074	5.179	5.210	5.309	5.330	5.529	5.566
4.940	5.134	5.103	5.230	5.251	5.350	5.382	5.629	5.616
4.920	5.052	5.011	5.106	5.148	5.236	5.257	5.396	5.512
4.780	4.858	4.930	5.014	5.067	5.155	5.164	5.327	5.390
4.750	4.837	4.899	4.888	4.975	5.073	5.105	5.267	5.370
4.700	4.817	4.962	5.024	5.045	5.188	5.220	5.334	5.490
4.700	4.806	4.962	5.024	5.034	5.178	5.221	5.359	5.463
4.670	4.837	5.003	5.086	5.064	5.197	5.240	5.402	5.491
4.620	4.817	4.972	5.056	5.098	5.174	5.264	5.389	5.455
4.570	4.837	4.941	5.046	5.055	5.143	5.210	5.336	5.441
4.650	4.858	4.951	5.024	5.056	5.144	5.187	5.219	5.403
4.740	4.899	4.982	5.013	5.012	5.101	5.202	5.244	5.452
4.780	4.868	4.930	5.024	5.034	5.078	5.168	5.282	5.413
4.770	4.858	4.982	5.034	5.033	5.066	5.191	5.245	5.398
4.840	4.868	5.003	5.055	5.086	5.096	5.221	5.229	5.425
4.820	4.888	4.992	5.055	5.032	5.088	5.178	5.209	5.443
4.910	4.960	5.095	5.126	5.147	5.213	5.292	5.347	5.567
4.900	5.011	5.084	5.168	5.189	5.255	5.345	5.447	5.604
4.860	5.042	5.115	5.178	5.242	5.307	5.386	5.476	5.579
4.840	4.981	5.115	5.220	5.251	5.328	5.430	5.567	5.531
4.830	5.063	5.114	5.262	5.282	5.448	5.468	5.631	5.762
4.790	4.991	5.105	5.241	5.229	5.351	5.406	5.592	5.657
4.800	4.950	5.095	5.179	5.199	5.298	5.400	5.537	5.628
4.810	4.991	5.095	5.231	5.262	5.361	5.393	5.628	5.641
4.860	5.011	5.125	5.241	5.261	5.361	5.393	5.580	5.642
4.860	5.022	5.167	5.356	5.397	5.541	5.538	5.749	5.762
4.880	5.022	5.167	5.356	5.376	5.497	5.564	5.702	5.780
4.830	4.991	5.105	5.316	5.324	5.468	5.511	5.625	5.730
4.890	5.063	5.114	5.294	5.314	5.435	5.467	5.618	5.712
4.930	5.083	5.166	5.356	5.365	5.509	5.563	5.738	5.791
4.990	5.145	5.207	5.354	5.407	5.506	5.573	5.759	5.827
5.010	5.155	5.196	5.281	5.334	5.400	5.501	5.651	5.759
5.050	5.093	5.218	5.397	5.417	5.516	5.629	5.766	5.860
5.050	5.134	5.259	5.470	5.511	5.588	5.701	5.839	5.919
5.050	5.175	5.383	5.615	5.579	5.724	5.849	6.011	6.091
5.020	5.124	5.353	5.521	5.540	5.696	5.808	5.909	5.991
5.070	5.155	5.321	5.606	5.635	5.791	5.903	6.016	6.136
5.040	5.186	5.248	5.544	5.584	5.762	5.851	5.939	6.060
4.960	5.145	5.321	5.606	5.657	5.835	5.889	6.039	6.171
4.930	5.124	5.332	5.606	5.679	5.857	5.887	6.025	6.158
4.920	5.063	5.270	5.534	5.607	5.750	5.804	5.967	6.047
4.920	5.093	5.249	5.502	5.554	5.720	5.762	5.949	6.014
4.830	4.970	5.188	5.409	5.504	5.625	5.667	5.878	5.903
4.850	4.991	5.209	5.472	5.545	5.666	5.708	5.847	5.928
4.880	5.022	5.229	5.471	5.556	5.710	5.729	5.843	5.963
4.880	5.011	5.209	5.398	5.515	5.613	5.644	5.819	5.882
4.860	5.032	5.239	5.386	5.515	5.579	5.611	5.823	5.912
4.880	5.022	5.208	5.366	5.440	5.539	5.570	5.782	5.895
4.820	4.970	5.178	5.377	5.451	5.516	5.606	5.768	5.871
4.840	5.001	5.198	5.398	5.515	5.591	5.680	5.818	5.932
4.920	5.022	5.198	5.419	5.547	5.622	5.712	5.849	5.926
4.910	5.001	5.188	5.356	5.463	5.572	5.649	5.823	5.923
4.920	5.032	5.239	5.418	5.525	5.634	5.712	5.861	5.987
4.890	5.001	5.188	5.345	5.485	5.571	5.672	5.833	5.945
4.920	5.022	5.198	5.387	5.516	5.636	5.725	5.910	6.060
4.890	4.981	5.157	5.346	5.442	5.562	5.651	5.861	5.958
4.920	5.032	5.229	5.376	5.483	5.626	5.680	5.927	6.023
4.840	4.981	5.209	5.408	5.493	5.670	5.747	5.968	6.078
4.810	4.950	5.157	5.336	5.410	5.587	5.663	5.848	5.985
4.840	4.991	5.167	5.314	5.421	5.575	5.687	5.895	5.941
4.830	5.011	5.136	5.241	5.380	5.512	5.647	5.819	5.918
4.840	5.042	5.177	5.271	5.411	5.565	5.631	5.756	5.935
4.840	5.022	5.146	5.219	5.359	5.469	5.534	5.660	5.839
4.790	4.960	5.136	5.230	5.359	5.502	5.568	5.693	5.888
4.780	4.991	5.146	5.251	5.369	5.512	5.555	5.692	5.820
4.710	4.981	5.126	5.273	5.401	5.499	5.577	5.726	5.891
4.740	5.011	5.125	5.283	5.379	5.545	5.610	5.711	5.849
4.790	5.011	5.115	5.283	5.423	5.577	5.630	5.755	5.906
4.840	5.022	5.208	5.366	5.451	5.605	5.683	5.820	5.956
4.850	5.022	5.156	5.293	5.356	5.522	5.623	5.747	5.844
4.950	5.052	5.177	5.324	5.431	5.563	5.652	5.777	5.941
4.890	5.011	5.146	5.325	5.443	5.574	5.651	5.752	5.891
4.930	5.063	5.198	5.387	5.515	5.625	5.714	5.827	5.964
4.940	5.083	5.156	5.388	5.494	5.626	5.726	5.815	5.965
5.000	5.093	5.166	5.388	5.461	5.616	5.693	5.818	5.931
5.020	5.093	5.156	5.356	5.452	5.584	5.684	5.821	5.920
5.120	5.114	5.218	5.376	5.493	5.637	5.725	5.862	5.999
5.050	5.104	5.166	5.303	5.432	5.586	5.663	5.775	5.912
5.110	5.186	5.269	5.416	5.556	5.710	5.787	5.949	6.031
5.150	5.186	5.269	5.406	5.535	5.689	5.789	5.926	6.047
5.110	5.216	5.279	5.437	5.588	5.742	5.830	5.991	6.113
5.100	5.186	5.217	5.449	5.556	5.733	5.809	6.019	6.103
5.110	5.206	5.279	5.543	5.671	5.859	5.935	6.084	6.232
5.110	5.196	5.269	5.533	5.683	5.859	5.924	6.097	6.219
5.080	5.186	5.248	5.480	5.641	5.829	5.905	6.066	6.190
5.080	5.186	5.258	5.522	5.683	5.860	5.948	6.120	6.244
5.070	5.134	5.280	5.533	5.672	5.815	5.903	6.138	6.262
5.020	5.093	5.249	5.460	5.599	5.730	5.854	6.002	6.167
5.130	5.227	5.372	5.657	5.785	5.962	6.062	6.247	6.414
5.130	5.247	5.361	5.604	5.744	5.943	6.054	6.239	6.406
5.130	5.309	5.433	5.698	5.826	6.026	6.137	6.285	6.422
5.080	5.237	5.403	5.688	5.816	5.982	6.070	6.232	6.252
5.080	5.227	5.383	5.700	5.827	5.993	6.069	6.256	6.317
5.080	5.237	5.341	5.616	5.744	5.932	5.973	6.221	6.299
5.120	5.257	5.341	5.605	5.733	5.921	5.974	6.173	6.302
5.150	5.278	5.413	5.656	5.784	5.973	6.014	6.177	6.295
5.140	5.298	5.465	5.740	5.857	6.023	6.111	6.273	6.390
5.240	5.452	5.504	5.801	5.951	6.106	6.206	6.319	6.441
5.200	5.350	5.506	5.770	5.909	6.075	6.222	6.284	6.449
5.200	5.360	5.506	5.770	5.920	6.086	6.233	6.307	6.444
5.220	5.432	5.609	5.905	6.077	6.243	6.355	6.430	6.622
5.100	5.298	5.579	5.939	6.022	6.200	6.347	6.520	6.655
5.160	5.360	5.579	5.960	6.065	6.300	6.399	6.522	6.701
5.170	5.380	5.599	5.970	6.064	6.333	6.385	6.559	6.612
5.120	5.442	5.619	5.926	6.065	6.277	6.341	6.540	6.665
5.230	5.463	5.619	5.958	6.097	6.229	6.377	6.501	6.732
5.220	5.473	5.660	6.000	6.138	6.293	6.476	6.624	6.759
5.170	5.504	5.597	6.076	6.169	6.393	6.468	6.618	6.747
5.370	5.586	5.690	6.073	5.969	6.492	6.541	6.738	6.859
5.320	5.483	5.546	6.034	6.205	6.485	6.547	6.608	6.794
5.260	5.504	5.608	6.033	6.259	6.447	6.546	6.707	6.807
5.240	5.432	5.515	5.993	6.119	6.411	6.509	6.619	6.820
5.060	5.329	5.548	5.908	5.991	6.271	6.370	6.704	6.654
5.080	5.360	5.599	5.959	6.175	6.328	6.440	6.663	6.826
5.120	5.422	5.578	6.002	6.118	6.307	6.489	6.574	6.864
5.090	5.463	5.650	6.053	6.180	6.404	6.456	6.692	6.798
5.400	5.545	5.649	6.127	6.276	6.499	6.586	6.772	6.885
5.410	5.555	5.649	6.063	6.290	6.501	6.576	6.762	6.888
5.430	5.545	5.639	6.128	6.298	6.487	6.562	6.749	6.863
5.450	5.576	5.649	6.074	6.212	6.435	6.499	6.711	6.843
5.290	5.514	5.712	6.094	6.276	6.419	6.484	6.697	6.829
5.300	5.483	5.598	5.894	6.100	6.254	6.307	6.445	6.664
5.150	5.514	5.681	5.977	6.127	6.305	6.358	6.571	6.695
5.350	5.473	5.692	5.956	6.117	6.306	6.324	6.562	6.671
5.360	5.463	5.692	5.956	6.117	6.318	6.323	6.549	6.659
5.350	5.473	5.702	6.052	6.047	6.341	6.369	6.606	6.789
5.380	5.617	5.638	6.031	6.115	6.373	6.401	6.576	6.769
5.510	5.422	5.630	5.979	6.129	6.329	6.299	6.501	6.755
5.340	5.442	5.630	5.990	6.161	6.350	6.343	6.545	6.774
5.420	5.504	5.639	5.883	6.077	6.220	6.227	6.465	6.589
5.280	5.350	5.631	5.895	6.078	6.232	6.273	6.498	6.586
5.360	5.432	5.630	5.926	6.120	6.263	6.304	6.480	6.607
5.560	5.493	5.639	5.947	6.108	6.251	6.292	6.506	6.637
5.540	5.463	5.608	5.873	6.056	6.211	6.205	6.555	6.635
5.490	5.545	5.628	5.883	6.066	6.187	6.240	6.441	6.569
5.200	5.473	5.598	5.831	5.992	6.170	6.199	6.387	6.526
5.450	5.504	5.618	5.851	6.079	6.210	6.240	6.428	6.567
5.560	5.545	5.670	5.924	6.163	6.294	6.371	6.570	6.726
5.490	5.493	5.681	5.956	6.228	6.370	6.434	6.671	6.825
5.500	5.720	5.709	6.050	6.200	6.423	6.464	6.676	6.857
5.520	5.606	5.721	6.008	6.257	6.468	6.484	6.660	6.842
5.490	5.606	5.711	6.051	6.245	6.445	6.461	6.637	6.819
5.510	5.627	5.763	6.134	6.361	6.470	6.570	6.783	6.853
5.540	5.730	5.855	6.131	6.359	6.536	6.589	6.840	6.884
5.760	5.750	5.917	6.183	6.389	6.578	6.654	6.829	6.971
5.300	5.792	5.927	6.193	6.487	6.618	6.683	6.834	7.033
5.210	5.648	5.877	6.174	6.512	6.608	6.696	6.871	6.945
5.190	5.627	5.815	6.133	6.394	6.490	6.591	6.766	6.867
5.300	5.740	5.949	6.332	6.714	6.763	6.828	6.929	7.065
5.420	5.771	5.990	6.384	6.678	6.819	6.883	7.047	7.073
5.460	5.792	6.053	6.286	6.658	6.834	6.898	6.972	7.111
5.350	5.699	5.970	6.267	6.550	6.739	6.862	6.923	7.077
5.240	5.771	6.042	6.307	6.680	6.810	6.885	6.973	7.185
5.310	5.750	5.991	6.202	6.586	6.681	6.781	6.844	7.002
5.390	5.709	6.064	6.339	6.590	6.790	6.866	6.717	7.131
5.490	5.750	5.970	6.224	6.607	6.726	6.790	6.630	6.956
5.340	5.637	6.034	6.319	6.647	6.800	6.840	6.570	7.003
5.250	5.689	6.033	6.351	6.590	6.859	6.898	6.613	7.030
5.350	5.689	5.960	6.139	6.291	6.504	6.545	6.758	6.943
5.400	5.740	6.032	6.212	6.407	6.551	6.640	6.742	7.000
5.360	5.648	5.971	6.171	6.322	6.421	6.511	6.626	6.883
5.290	5.637	5.950	6.023	6.296	6.302	6.452	6.529	6.780
5.320	5.699	6.002	6.031	6.383	6.388	6.537	6.601	6.853
5.450	5.864	5.999	6.190	6.408	6.483	6.573	6.664	6.906
5.420	5.853	6.041	6.285	6.492	6.613	6.702	6.754	6.999
5.450	5.894	6.082	6.262	6.470	6.660	6.784	6.709	7.051
5.420	5.812	6.115	6.294	6.523	6.667	6.768	6.881	7.104
5.450	5.874	6.072	6.263	6.492	6.693	6.793	6.868	7.067
5.470	5.822	6.073	6.189	6.407	6.585	6.686	6.786	7.030
5.480	5.822	6.073	6.189	6.418	6.608	6.684	6.810	7.028
5.340	5.781	6.084	6.178	6.253	6.536	6.672	6.833	7.034
5.410	5.792	6.042	6.222	6.440	6.595	6.660	6.824	7.101
5.440	5.781	6.095	6.231	6.416	6.629	6.729	6.867	7.066
5.470	5.833	6.031	6.200	6.396	6.540	6.570	6.761	6.977
5.500	5.864	6.052	6.210	6.406	6.539	6.569	6.772	6.946
5.480	5.946	6.040	6.178	6.430	6.573	6.627	6.866	6.995
5.400	5.802	6.021	6.137	6.311	6.478	6.579	6.767	6.926
5.390	5.761	6.043	6.115	6.323	6.455	6.486	6.738	6.913
5.430	5.771	5.990	6.106	6.258	6.380	6.482	6.720	6.865
5.460	5.792	6.021	6.137	6.300	6.422	6.524	6.762	6.907
5.560	5.761	6.001	6.148	6.311	6.444	6.546	6.784	6.929
5.600	5.802	6.011	6.180	6.331	6.430	6.568	6.794	6.939
5.810	5.812	5.896	6.044	6.251	6.361	6.439	6.603	6.790
5.700	5.833	5.927	6.107	6.325	6.400	6.455	6.682	6.760
5.440	5.781	5.927	6.107	6.248	6.415	6.493	6.669	6.814
5.490	5.761	5.949	6.182	6.388	6.463	6.541	6.793	6.852
5.480	5.740	5.991	6.191	6.376	6.497	6.610	6.798	6.899
5.530	5.812	5.990	6.148	6.322	6.478	6.543	6.720	6.851
5.470	5.843	6.104	6.252	6.503	6.589	6.655	6.896	7.013
5.470	5.884	6.041	6.221	6.417	6.538	6.592	6.770	6.942
5.490	5.884	6.145	6.336	6.543	6.664	6.765	6.992	7.047
5.610	5.699	6.106	6.360	6.555	6.641	6.767	6.893	7.035
5.610	5.750	6.147	6.326	6.522	6.666	6.707	6.935	6.999
5.730	5.874	6.104	6.316	6.522	6.666	6.708	6.911	7.003
5.740	5.894	6.103	6.315	6.533	6.677	6.707	6.910	7.017
5.760	5.884	6.114	6.283	6.512	6.599	6.653	6.856	7.012
6.020	5.720	6.232	6.356	6.619	6.716	6.687	6.980	7.037
5.930	5.792	6.231	6.409	6.627	6.782	6.764	7.031	7.105
5.960	5.781	6.178	6.293	6.500	6.656	6.638	6.855	6.966
5.970	5.730	6.284	6.408	6.660	6.780	6.774	6.941	7.108
5.900	5.596	6.286	6.398	6.627	6.794	6.752	6.919	7.100
5.890	5.720	6.242	6.388	6.650	6.759	6.789	6.980	7.104
5.950	5.792	6.304	6.428	6.647	6.779	6.797	6.989	7.153
5.850	5.637	6.306	6.408	6.582	6.784	6.777	6.956	7.182
5.910	5.658	6.338	6.450	6.635	6.779	6.785	7.003	7.142
5.950	5.987	6.311	6.491	6.698	6.831	6.885	7.101	7.191
5.870	6.049	6.237	6.407	6.614	6.770	6.812	6.965	7.141
5.870	6.039	6.216	6.418	6.559	6.704	6.746	6.888	7.078
5.870	5.977	6.196	6.248	6.467	6.612	6.559	6.752	6.906
5.750	5.853	6.177	6.282	6.445	6.533	6.635	6.800	6.927
5.760	5.853	6.167	6.228	6.447	6.557	6.576	6.793	6.891
5.670	5.802	6.189	6.228	6.436	6.604	6.598	6.839	6.884
5.690	5.833	6.104	6.188	6.351	6.507	6.502	6.744	6.839
5.740	5.812	6.000	6.148	6.311	6.444	6.463	6.666	6.765
5.700	5.792	6.021	6.180	6.309	6.443	6.474	6.689	6.747
5.790	5.874	6.051	6.189	6.319	6.487	6.517	6.658	6.798
5.740	5.864	6.125	6.219	6.371	6.528	6.535	6.738	6.813
5.780	5.884	6.051	6.242	6.405	6.458	6.525	6.729	6.842
5.810	5.884	6.030	6.211	6.373	6.461	6.469	6.710	6.787
5.770	5.905	6.072	6.199	6.329	6.428	6.436	6.641	6.757
5.810	5.936	6.113	6.261	6.380	6.480	6.500	6.680	6.797
5.880	5.987	6.112	6.240	6.381	6.503	6.487	6.680	6.800
5.870	6.008	6.196	6.323	6.475	6.597	6.593	6.848	6.939
5.900	6.008	6.175	6.377	6.484	6.630	6.625	6.842	6.959
5.860	5.966	6.113	6.336	6.443	6.634	6.605	6.835	6.927
5.880	6.039	6.122	6.324	6.465	6.622	6.640	6.844	6.959
5.900	6.059	6.226	6.428	6.547	6.715	6.722	6.939	6.964
5.910	6.069	6.237	6.428	6.569	6.726	6.720	6.925	6.950
5.950	6.111	6.278	6.469	6.621	6.778	6.784	7.002	7.027
5.920	6.080	6.226	6.385	6.560	6.693	6.617	6.974	6.905
5.920	6.111	6.205	6.343	6.496	6.675	6.634	6.965	7.012
5.920	6.100	6.226	6.439	6.591	6.713	6.732	6.924	7.037
5.940	6.142	6.215	6.503	6.599	6.744	6.787	6.991	7.080
6.000	6.142	6.131	6.377	6.517	6.640	6.777	6.916	6.989
5.800	5.997	6.196	6.387	6.539	6.638	6.716	6.832	6.960
6.000	6.111	6.152	6.366	6.485	6.618	6.638	6.830	6.917
5.940	6.131	6.173	6.418	6.515	6.661	6.715	6.919	6.992
6.020	6.203	6.141	6.355	6.518	6.651	6.658	6.875	6.934
5.960	6.142	6.204	6.257	6.477	6.587	6.630	6.747	6.884
6.020	6.193	6.298	6.404	6.513	6.590	6.658	6.825	6.883
6.040	6.183	6.361	6.520	6.650	6.739	6.758	6.940	7.041
6.020	6.214	6.318	6.489	6.697	6.772	6.756	6.963	7.062
6.140	6.286	6.317	6.595	6.736	6.858	6.889	7.082	7.154
6.180	6.337	6.358	6.594	6.746	6.845	6.900	7.005	7.144
6.150	6.306	6.390	6.647	6.776	6.933	6.988	7.104	7.228
6.240	6.368	6.347	6.679	6.753	6.934	6.952	7.057	7.222
6.030	6.214	6.360	6.659	6.777	6.934	6.952	7.057	7.214
6.060	6.255	6.506	6.708	6.827	6.973	7.027	7.195	7.285
6.060	6.255	6.506	6.708	6.827	6.985	7.015	7.183	7.288
6.120	6.317	6.411	6.614	6.655	6.894	6.948	7.190	7.303
6.050	6.265	6.433	6.667	6.819	6.976	7.018	7.223	7.285
5.910	6.224	6.444	6.646	6.742	6.923	6.906	7.137	7.228
5.890	6.255	6.443	6.624	6.732	6.913	6.931	7.149	7.217
6.140	6.327	6.516	6.686	6.838	6.950	6.945	7.165	7.248
6.320	6.440	6.535	6.738	6.968	7.113	7.059	7.381	7.453
6.170	6.306	6.390	6.690	6.752	6.991	6.912	7.246	7.358
6.130	6.296	6.443	6.817	6.945	7.149	7.033	7.356	7.477
6.140	6.234	6.328	6.767	6.806	7.044	6.989	7.259	7.332
6.160	6.286	6.506	6.729	6.859	7.063	7.068	7.236	7.416
6.140	6.255	6.527	6.740	6.870	7.062	7.067	7.210	7.404
6.180	6.306	6.621	6.779	6.988	7.168	7.197	7.326	7.516
6.160	6.306	6.579	6.867	6.974	7.201	7.254	7.331	7.591
5.860	6.255	6.506	6.902	7.018	7.210	7.215	7.383	7.500
6.150	6.317	6.547	6.889	7.007	7.187	7.216	7.384	7.515
6.150	6.327	6.537	6.889	7.018	7.187	7.216	7.384	7.514
6.170	6.358	6.526	6.900	7.017	7.221	7.238	7.431	7.591
6.110	6.327	6.400	6.904	7.020	7.211	7.216	7.409	7.581
6.090	6.337	6.421	6.925	7.063	7.278	7.306	7.408	7.587
6.080	6.327	6.432	6.871	7.010	7.224	7.253	7.330	7.552
6.140	6.420	6.430	6.838	6.933	7.183	7.199	7.277	7.463
5.890	6.172	6.434	6.851	6.934	7.172	7.188	7.241	7.415
5.830	6.203	6.486	6.913	7.007	7.269	7.273	7.300	7.391
5.820	6.152	6.424	7.002	7.083	7.298	7.266	7.333	7.386
5.900	6.214	6.486	7.043	7.180	7.324	7.329	7.396	7.439
5.920	6.265	6.517	7.031	7.168	7.325	7.329	7.371	7.387
5.870	6.245	6.360	7.100	7.158	7.302	7.295	7.350	7.397
5.840	6.162	6.560	7.019	7.113	7.235	7.217	7.337	7.327
5.880	6.275	6.653	7.210	7.313	7.447	7.464	7.443	7.489
5.810	6.224	6.633	7.222	7.336	7.504	7.508	7.486	7.530
5.820	6.203	6.654	7.210	7.258	7.450	7.467	7.394	7.529
5.800	6.183	6.644	7.114	7.218	7.398	7.427	7.430	7.544
5.830	6.193	6.665	7.091	7.252	7.455	7.507	7.546	7.659
5.810	6.203	6.654	7.059	7.187	7.344	7.373	7.477	7.543
5.840	6.224	6.622	6.974	7.158	7.349	7.377	7.442	7.528
5.900	6.245	6.612	7.006	7.156	7.336	7.377	7.480	7.509
5.810	6.193	6.633	7.006	7.201	7.369	7.397	7.437	7.520
5.840	6.348	6.631	7.113	7.262	7.418	7.423	7.465	7.588
5.910	6.317	6.684	7.100	7.217	7.351	7.369	7.398	7.524
5.940	6.306	6.663	7.101	7.195	7.306	7.373	7.389	7.514
5.990	6.337	6.663	7.015	7.188	7.286	7.256	7.339	7.380
5.950	6.306	6.695	7.068	7.229	7.293	7.312	7.356	7.455
5.910	6.296	6.579	7.082	7.108	7.208	7.276	7.305	7.392
5.860	6.224	6.549	6.858	7.042	7.140	7.147	7.240	7.364
5.900	6.348	6.589	6.995	7.146	7.291	7.296	7.363	7.519
5.880	6.337	6.599	7.017	7.111	7.222	7.325	7.340	7.456
5.900	6.296	6.590	6.985	7.079	7.225	7.255	7.360	7.449
5.890	6.286	6.537	6.965	7.093	7.215	7.245	7.325	7.382
5.950	6.296	6.506	6.987	7.081	7.250	7.255	7.411	7.429
5.960	6.399	6.588	6.984	7.101	7.258	7.264	7.433	7.410
5.930	6.368	6.515	6.954	7.037	7.195	7.201	7.370	7.373
5.870	6.275	6.559	6.943	7.060	7.252	7.257	7.361	7.358
5.830	6.224	6.517	6.934	7.039	7.208	7.237	7.329	7.342
5.920	6.245	6.591	7.028	7.133	7.290	7.284	7.327	7.395
5.850	6.275	6.580	6.985	7.102	7.213	7.267	7.321	7.360
5.880	6.245	6.549	6.976	7.070	7.181	7.175	7.270	7.249
5.890	6.306	6.663	6.993	7.100	7.211	7.230	7.198	7.268
5.930	6.286	6.611	6.995	7.045	7.145	7.201	7.269	7.236
5.970	6.337	6.673	6.982	7.066	7.155	7.186	7.167	7.223
6.000	6.399	6.651	7.025	7.098	7.151	7.184	7.266	7.158
5.930	6.306	6.663	6.972	7.056	7.121	7.153	7.147	7.125
5.920	6.286	6.653	6.940	7.036	7.089	7.121	7.128	7.091
5.720	6.131	6.718	7.047	7.086	7.175	7.182	7.190	7.110
5.740	6.172	6.812	7.184	7.211	7.311	7.319	7.351	7.269
5.780	6.214	6.822	7.097	7.203	7.268	7.204	7.314	7.205
5.750	6.049	6.920	7.128	7.167	7.257	7.253	7.298	7.245
5.710	6.183	6.907	7.127	7.189	7.290	7.273	7.319	7.335
5.730	6.152	6.855	7.032	7.117	7.194	7.202	7.222	7.194
5.680	6.245	6.853	7.107	7.146	7.212	7.257	7.264	7.193
5.650	6.275	6.790	7.033	7.106	7.160	7.145	7.192	7.304
5.730	6.193	6.833	6.978	7.064	7.164	7.100	7.236	7.213
5.820	6.265	6.800	7.140	7.157	7.211	7.124	7.049	7.160
5.780	6.234	6.790	7.001	7.108	7.173	7.097	7.158	7.214
5.670	6.142	6.760	6.949	7.011	7.112	7.060	7.145	7.062
5.690	6.142	6.718	6.842	6.962	7.015	6.988	7.047	6.976
5.700	6.224	6.791	6.926	7.078	7.178	7.137	7.233	7.212
5.660	6.100	6.761	6.928	7.080	7.156	7.163	7.283	7.250
5.520	6.337	6.768	6.915	6.967	7.138	7.097	7.192	7.295
5.720	6.162	6.655	6.790	6.943	7.043	6.966	7.051	7.199
5.670	6.286	6.790	6.990	7.108	7.231	7.214	7.284	7.460
5.650	6.245	6.759	7.002	7.109	7.255	7.225	7.295	7.485
5.620	6.162	6.707	6.843	6.928	7.064	7.071	7.102	7.313
5.580	6.183	6.728	6.906	6.980	7.104	7.064	7.147	7.301
5.590	6.183	6.728	6.906	6.969	7.093	7.065	7.148	7.302
5.580	6.172	6.728	6.928	6.991	7.114	7.074	7.158	7.325
5.610	6.193	6.802	7.044	7.106	7.241	7.200	7.296	7.450
5.560	6.183	6.791	7.055	7.128	7.252	7.210	7.269	7.453
5.600	6.255	6.853	7.215	7.286	7.409	7.356	7.439	7.529
5.640	6.275	6.863	7.246	7.273	7.397	7.331	7.404	7.482
5.880	6.337	6.957	7.178	7.296	7.420	7.414	7.484	7.631
5.770	6.224	6.959	7.201	7.307	7.395	7.403	7.510	7.590
5.870	6.399	7.072	7.249	7.391	7.490	7.534	7.615	7.751
5.720	6.379	7.041	7.251	7.335	7.471	7.490	7.648	7.758
5.810	6.523	7.270	7.361	7.469	7.629	7.611	7.770	7.871
5.960	6.482	7.250	7.373	7.548	7.671	7.714	7.871	7.958
5.740	6.379	7.252	7.406	7.570	7.693	7.674	7.808	7.925
5.800	6.368	7.241	7.352	7.494	7.629	7.623	7.718	7.837
5.650	6.420	7.325	7.457	7.621	7.744	7.677	7.775	7.840
5.900	6.482	7.461	7.550	7.725	7.837	7.782	7.841	7.961
5.910	6.461	7.388	7.379	7.578	7.678	7.685	7.806	7.714
5.960	6.523	7.429	7.475	7.651	7.739	7.758	7.867	7.945
5.820	6.513	7.429	7.464	7.674	7.703	7.784	7.904	8.093
6.040	6.626	7.395	7.453	7.675	7.739	7.734	7.856	7.998
6.010	6.668	7.331	7.390	7.612	7.653	7.660	7.782	7.953
6.080	6.668	7.289	7.402	7.589	7.654	7.722	7.790	7.908
6.100	6.626	7.332	7.488	7.652	7.693	7.750	7.781	7.983
6.160	6.750	7.330	7.508	7.672	7.702	7.771	7.866	8.004
6.270	6.812	7.286	7.368	7.511	7.554	7.623	7.706	7.840
6.270	6.833	7.286	7.390	7.488	7.519	7.577	7.661	7.781
6.260	6.823	7.307	7.389	7.476	7.508	7.578	7.661	7.783
6.340	6.926	7.347	7.430	7.574	7.535	7.606	7.728	7.897
6.350	6.916	7.284	7.400	7.509	7.517	7.515	7.639	7.752
6.580	6.978	7.167	7.349	7.447	7.443	7.453	7.590	7.714
6.630	7.009	7.167	7.241	7.340	7.349	7.419	7.503	7.598
6.460	6.885	7.137	7.178	7.266	7.264	7.263	7.425	7.464
6.680	6.967	7.073	7.169	7.267	7.242	7.289	7.386	7.456
6.730	6.947	7.031	7.235	7.277	7.309	7.331	7.391	7.473
6.830	6.864	7.053	7.224	7.288	7.297	7.332	7.429	7.370
6.770	6.936	7.147	7.220	7.331	7.339	7.325	7.450	7.529
6.720	6.916	7.063	7.202	7.289	7.274	7.285	7.308	7.387
6.720	6.885	7.053	7.181	7.268	7.288	7.286	7.410	7.504
6.670	6.812	7.033	7.064	7.163	7.149	7.160	7.246	7.295
6.710	6.833	7.022	7.074	7.162	7.195	7.181	7.267	7.241
6.670	6.812	6.991	7.011	7.077	7.110	7.073	7.147	7.207
6.640	6.812	6.991	6.979	7.112	7.109	7.096	7.220	7.182
6.650	6.792	6.991	7.065	7.108	7.130	7.128	7.214	7.234
6.650	6.833	7.012	7.161	7.225	7.269	7.267	7.352	7.357
6.710	6.802	7.002	7.129	7.216	7.260	7.281	7.328	7.316
6.690	6.833	7.107	7.212	7.288	7.343	7.353	7.437	7.471
6.620	6.833	7.096	7.148	7.202	7.223	7.210	7.309	7.382
6.670	6.854	7.096	7.169	7.223	7.244	7.231	7.330	7.350
6.670	6.833	7.054	7.127	7.215	7.236	7.222	7.308	7.383
6.710	6.895	7.084	7.115	7.136	7.182	7.168	7.242	7.244
6.740	6.916	6.989	7.085	7.129	7.173	7.171	7.244	7.245
6.770	6.885	6.927	7.002	7.067	7.100	7.075	7.186	7.172
6.780	6.885	6.927	7.002	7.067	7.100	7.086	7.185	7.171
6.780	6.833	6.843	6.972	7.049	7.092	7.066	7.127	7.254
6.700	6.833	6.896	7.014	7.090	7.099	7.086	7.159	7.258
6.730	6.823	6.844	6.929	7.017	7.027	7.037	7.110	7.235
6.720	6.854	6.896	6.949	7.037	7.081	7.091	7.151	7.324
6.750	6.843	6.906	6.981	7.058	7.102	7.100	7.160	7.302
6.800	6.874	6.937	6.991	7.068	7.124	7.145	7.204	7.304
6.720	6.854	6.885	6.949	7.015	7.083	7.116	7.125	7.212
6.720	6.864	6.969	7.065	7.130	7.186	7.196	7.243	7.377
6.600	6.823	6.980	7.097	7.185	7.228	7.226	7.298	7.387
6.710	6.802	7.002	7.140	7.149	7.217	7.214	7.287	7.376
6.730	6.864	7.022	7.139	7.193	7.248	7.258	7.318	7.433
6.760	6.771	6.929	6.992	7.068	7.078	7.112	7.172	7.348
6.630	6.771	7.002	6.990	7.056	7.089	7.135	7.144	7.276
6.650	6.792	6.939	7.013	7.101	7.110	7.144	7.216	7.307
6.630	6.812	7.002	7.032	7.076	7.086	7.121	7.194	7.285
6.640	6.823	6.959	7.001	7.100	7.098	7.109	7.194	7.383
6.670	6.833	6.896	6.981	7.036	7.023	7.058	7.156	7.270
6.650	6.843	6.959	7.001	7.067	7.065	7.112	7.184	7.313
6.700	6.936	6.936	7.001	7.078	7.099	7.134	7.193	7.322
6.640	6.833	6.938	6.959	7.036	7.023	7.082	7.129	7.251
6.640	6.823	6.907	6.949	7.026	7.036	7.082	7.116	7.240
6.620	6.792	6.907	6.938	6.993	7.015	7.062	7.083	7.195
6.610	6.781	6.844	6.854	6.921	6.954	6.988	7.035	7.146
6.690	6.864	6.843	6.897	6.996	7.006	7.088	7.108	7.223
6.740	6.874	6.864	6.832	6.943	6.930	7.001	7.072	7.133
6.730	6.874	6.874	6.842	6.931	6.918	6.977	7.049	7.181
6.750	6.885	6.801	6.844	6.899	6.898	6.945	7.030	7.148
6.780	6.916	6.905	6.905	6.983	6.959	6.994	7.092	7.097
6.730	6.885	6.916	6.862	6.940	6.916	6.988	7.060	7.100
6.720	6.854	6.906	6.916	6.994	6.981	7.040	7.074	7.155
6.730	6.833	6.885	6.960	7.026	6.990	7.049	7.109	7.132
6.710	6.823	6.865	6.918	7.017	6.969	7.028	7.013	7.091
6.730	6.833	6.896	6.895	6.962	6.880	6.988	6.960	7.036
6.720	6.874	6.916	6.937	7.004	6.933	7.029	7.026	7.087
6.660	6.823	6.875	6.875	6.919	6.918	6.965	7.025	7.027
6.660	6.833	6.822	6.833	6.933	6.816	6.889	6.913	7.054
6.690	6.823	6.823	6.876	6.864	6.853	6.889	6.950	7.026
6.730	6.854	6.812	6.812	6.867	6.855	6.890	6.926	6.999
6.740	6.833	6.791	6.834	6.900	6.910	6.957	6.979	7.054
6.730	6.874	6.874	6.874	6.941	6.917	6.976	6.986	7.099
6.730	6.854	6.864	6.853	6.920	6.907	6.955	6.990	7.089
6.720	6.885	6.853	6.800	6.856	6.855	6.891	6.926	7.025
6.650	6.802	6.739	6.707	6.763	6.831	6.841	6.864	6.959
6.650	6.812	6.728	6.718	6.763	6.820	6.842	6.864	6.974
6.600	6.761	6.666	6.656	6.801	6.752	6.871	6.853	6.977
6.560	6.750	6.698	6.730	6.797	6.807	6.865	6.924	7.021
6.600	6.730	6.740	6.751	6.828	6.827	6.909	6.918	7.057
6.560	6.699	6.720	6.709	6.797	6.807	6.890	6.910	7.049
6.640	6.740	6.708	6.762	6.839	6.872	6.906	6.965	7.075
6.600	6.761	6.740	6.750	6.817	6.850	6.884	6.981	7.122
6.600	6.678	6.646	6.700	6.766	6.799	6.833	6.880	7.103
6.540	6.637	6.658	6.700	6.766	6.776	6.846	6.892	7.104
6.580	6.730	6.677	6.677	6.755	6.765	6.824	6.957	7.189
6.550	6.688	6.636	6.615	6.704	6.794	6.803	6.949	7.211
6.520	6.668	6.668	6.657	6.712	6.780	6.790	6.874	7.194
6.500	6.657	6.699	6.688	6.744	6.800	6.858	6.953	7.200
6.520	6.647	6.678	6.625	6.680	6.737	6.771	6.905	7.108
6.550	6.709	6.688	6.731	6.797	6.842	6.899	6.957	7.178
6.520	6.709	6.709	6.666	6.722	6.767	6.813	6.872	7.177
6.520	6.688	6.678	6.656	6.690	6.712	6.783	6.841	7.064
6.530	6.719	6.667	6.635	6.713	6.723	6.794	6.902	7.124
6.580	6.699	6.699	6.591	6.737	6.712	6.782	6.866	7.130
6.560	6.719	6.625	6.636	6.658	6.715	6.750	6.846	7.098
6.620	6.771	6.624	6.572	6.628	6.650	6.721	6.829	7.075
6.530	6.699	6.646	6.604	6.693	6.680	6.763	6.846	7.124
6.540	6.719	6.646	6.604	6.682	6.704	6.774	6.882	7.176
6.590	6.761	6.677	6.613	6.680	6.703	6.761	6.857	7.135
6.580	6.750	6.687	6.570	6.649	6.694	6.800	6.807	7.087
6.580	6.761	6.687	6.602	6.658	6.692	6.739	6.898	7.119
6.570	6.750	6.656	6.539	6.640	6.650	6.685	6.844	7.066
6.540	6.750	6.582	6.584	6.617	6.697	6.755	6.874	7.076
6.540	6.626	6.500	6.459	6.504	6.595	6.640	6.797	6.966
6.550	6.647	6.532	6.490	6.590	6.657	6.679	6.775	7.057
6.540	6.699	6.562	6.520	6.599	6.655	6.748	6.792	7.011
6.530	6.637	6.553	6.489	6.545	6.556	6.627	6.772	6.978
6.590	6.647	6.521	6.469	6.547	6.592	6.614	6.760	6.961
6.520	6.678	6.562	6.499	6.544	6.556	6.662	6.744	6.961
6.520	6.616	6.522	6.480	6.524	6.513	6.595	6.703	6.902
6.530	6.585	6.533	6.447	6.471	6.471	6.553	6.612	6.826
6.550	6.585	6.564	6.468	6.491	6.503	6.585	6.644	6.858
6.570	6.606	6.585	6.510	6.566	6.577	6.659	6.705	6.904
6.590	6.668	6.605	6.541	6.586	6.574	6.645	6.717	6.934
6.530	6.699	6.615	6.540	6.597	6.596	6.655	6.715	6.924
6.560	6.761	6.645	6.603	6.626	6.660	6.695	6.730	6.872
6.590	6.823	6.676	6.538	6.584	6.618	6.677	6.748	6.903
6.570	6.802	6.602	6.518	6.531	6.623	6.669	6.690	6.912
6.650	6.761	6.561	6.488	6.500	6.569	6.604	6.651	6.855
6.620	6.750	6.603	6.540	6.619	6.710	6.731	6.752	6.944
6.670	6.740	6.645	6.571	6.594	6.709	6.719	6.803	6.951
6.650	6.740	6.677	6.602	6.637	6.682	6.741	6.787	6.977
6.620	6.719	6.656	6.582	6.605	6.674	6.684	6.757	7.001
6.680	6.802	6.613	6.550	6.651	6.650	6.744	6.802	6.942
6.600	6.740	6.603	6.487	6.533	6.567	6.661	6.731	6.924
6.590	6.761	6.582	6.477	6.567	6.577	6.660	6.755	6.917
6.600	6.781	6.550	6.499	6.566	6.589	6.671	6.729	6.950
6.580	6.761	6.572	6.488	6.533	6.533	6.628	6.698	6.908
6.530	6.709	6.552	6.467	6.502	6.502	6.596	6.618	6.826
6.600	6.730	6.562	6.488	6.545	6.601	6.624	6.671	6.895
6.610	6.740	6.530	6.468	6.502	6.548	6.630	6.650	6.816
6.650	6.761	6.540	6.414	6.471	6.505	6.623	6.642	6.851
6.660	6.771	6.530	6.403	6.449	6.507	6.600	6.621	6.828
6.670	6.771	6.519	6.382	6.417	6.464	6.569	6.589	6.824
6.680	6.792	6.571	6.445	6.491	6.525	6.619	6.615	6.838
6.610	6.812	6.529	6.435	6.492	6.526	6.608	6.654	6.907
6.510	6.647	6.521	6.319	6.421	6.466	6.536	6.569	6.790
6.490	6.575	6.428	6.226	6.350	6.395	6.429	6.488	6.734
6.560	6.606	6.386	6.259	6.360	6.360	6.406	6.465	6.670
6.550	6.616	6.417	6.194	6.318	6.318	6.435	6.480	6.714
6.520	6.564	6.334	6.218	6.275	6.366	6.447	6.577	6.739
6.500	6.554	6.177	6.052	6.120	6.166	6.294	6.362	6.580
6.530	6.544	6.209	6.019	6.121	6.121	6.203	6.285	6.449
6.450	6.461	6.158	6.043	6.100	6.111	6.158	6.290	6.419
6.460	6.492	6.188	6.020	6.056	6.057	6.174	6.256	6.355
6.470	6.533	6.313	6.144	6.136	6.239	6.238	6.286	6.440
6.520	6.502	6.230	6.062	6.064	6.179	6.189	6.236	6.388
6.470	6.410	6.221	5.988	5.980	6.027	6.097	6.144	6.295
6.440	6.368	6.117	5.970	6.038	5.970	6.053	6.100	6.293
6.420	6.348	6.107	5.928	5.952	5.908	5.979	6.051	6.188
6.350	6.275	6.045	5.888	5.890	5.857	5.928	6.024	6.215
6.360	6.296	6.035	5.888	5.923	5.890	5.937	6.009	6.225
6.220	6.193	5.932	5.764	5.755	5.802	5.767	5.948	6.067
5.930	6.080	5.808	5.768	5.747	5.759	5.817	5.912	6.137
6.030	6.069	5.808	5.588	5.623	5.736	5.746	5.877	6.087
6.040	6.069	5.819	5.598	5.633	5.735	5.746	5.876	6.086
6.130	6.142	5.776	5.704	5.717	5.762	5.820	5.926	6.192
6.290	6.286	5.889	5.690	5.747	5.838	5.930	6.010	6.240
6.290	6.193	5.775	5.640	5.686	5.777	5.868	5.985	6.239
6.270	6.193	5.775	5.640	5.697	5.788	5.879	5.983	6.237
6.280	6.121	5.568	5.392	5.482	5.560	5.652	5.767	6.032
6.020	5.905	5.529	5.564	5.608	5.753	5.844	5.970	6.242
5.870	5.812	5.406	5.335	5.369	5.593	5.670	5.736	6.072
5.630	5.627	5.211	5.045	5.188	5.366	5.489	5.637	5.944
5.670	5.617	5.222	5.140	5.195	5.430	5.472	5.754	5.949
5.490	5.524	5.275	5.171	5.259	5.381	5.471	5.621	5.835
5.500	5.514	5.379	5.274	5.384	5.528	5.595	5.745	6.028
5.480	5.432	5.255	5.235	5.333	5.522	5.622	5.795	5.981
5.500	5.514	5.452	5.473	5.527	5.706	5.807	5.932	6.160
5.490	5.493	5.473	5.462	5.528	5.672	5.797	5.959	6.185
5.530	5.514	5.472	5.451	5.517	5.651	5.775	5.925	6.179
5.550	5.463	5.369	5.380	5.467	5.623	5.701	5.911	6.097
5.470	5.422	5.266	5.256	5.408	5.530	5.584	5.831	6.043
5.380	5.350	5.215	5.268	5.420	5.563	5.652	5.874	6.086
5.370	5.350	5.246	5.310	5.440	5.628	5.693	5.927	6.191
5.420	5.401	5.349	5.371	5.490	5.735	5.788	5.998	6.248
5.430	5.370	5.297	5.340	5.492	5.759	5.823	6.069	6.278
5.430	5.339	5.298	5.309	5.504	5.659	5.747	5.981	6.261
5.370	5.391	5.235	5.394	5.480	5.691	5.780	6.013	6.325
5.330	5.411	5.193	5.353	5.450	5.638	5.761	5.994	6.345
5.190	5.237	5.102	5.261	5.303	5.627	5.644	5.913	6.152
5.160	5.134	5.051	5.073	5.300	5.420	5.508	5.753	6.085
5.260	5.339	5.018	5.072	5.289	5.398	5.486	5.755	6.119
5.320	5.196	5.061	5.072	5.289	5.443	5.507	5.752	6.102
5.350	5.216	5.092	5.187	5.284	5.495	5.583	5.779	6.126
5.320	5.165	5.186	5.154	5.371	5.525	5.578	5.836	6.156
5.260	5.165	5.134	5.271	5.433	5.598	5.652	5.861	6.198
5.190	5.083	5.104	5.230	5.359	5.513	5.602	5.847	6.171
5.170	5.052	5.052	5.147	5.331	5.484	5.561	5.805	6.115
5.160	5.042	5.073	5.178	5.351	5.505	5.546	5.841	6.068
5.180	5.032	5.136	5.219	5.381	5.501	5.602	5.835	6.133
5.200	5.104	5.197	5.397	5.515	5.658	5.700	5.911	6.207
5.220	5.083	5.239	5.312	5.474	5.605	5.717	5.950	6.253
5.090	4.960	5.157	5.230	5.435	5.533	5.667	5.924	6.231
5.080	5.001	5.084	5.263	5.402	5.579	5.690	5.934	6.222
4.830	5.011	5.094	5.284	5.401	5.589	5.700	5.932	6.235
5.130	5.001	5.084	5.189	5.405	5.592	5.679	5.936	6.243
5.080	4.888	5.085	5.126	5.310	5.508	5.630	5.898	6.215
4.940	4.796	4.921	5.141	5.280	5.467	5.612	5.830	6.188
5.030	4.806	4.869	4.995	5.177	5.420	5.483	5.775	6.121
5.030	4.888	4.899	4.941	5.200	5.341	5.487	5.729	6.046
5.080	4.919	4.722	4.850	5.119	5.249	5.417	5.682	5.988
5.100	4.929	4.795	4.901	5.116	5.235	5.404	5.670	5.950
5.050	4.827	4.827	4.953	5.201	5.342	5.441	5.756	5.997
5.040	4.878	4.909	4.983	5.188	5.363	5.485	5.715	6.049
4.940	4.909	4.888	4.994	5.220	5.350	5.496	5.714	6.003
4.910	4.837	4.837	4.911	5.105	5.325	5.411	5.666	6.009
4.930	4.888	4.847	4.900	5.137	5.346	5.455	5.673	6.015
4.960	4.909	4.847	4.952	5.168	5.376	5.463	5.718	6.048
4.930	4.981	4.815	4.900	5.116	5.302	5.458	5.699	5.893
4.950	4.970	4.825	4.973	5.178	5.420	5.495	5.774	6.021
4.870	4.868	4.733	4.808	5.001	5.243	5.330	5.656	5.887
4.880	4.837	4.609	4.789	5.004	5.234	5.332	5.597	5.921
4.870	4.817	4.589	4.758	4.951	5.215	5.267	5.592	5.876
4.850	4.837	4.640	4.820	5.024	5.199	5.343	5.596	5.855
4.820	4.745	4.600	4.706	4.921	5.118	5.216	5.529	5.852
4.660	4.684	4.559	4.718	4.900	5.097	5.241	5.565	5.888
4.550	4.745	4.466	4.593	4.851	5.103	5.165	5.442	5.816
4.590	4.673	4.591	4.707	4.921	5.096	5.228	5.517	5.813
4.500	4.643	4.529	4.676	4.923	5.164	5.296	5.596	5.933
4.580	4.643	4.643	4.885	5.088	5.329	5.461	5.750	6.089
4.570	4.540	4.561	4.792	5.028	5.347	5.374	5.736	6.034
4.600	4.581	4.561	4.866	4.971	5.313	5.410	5.686	6.102
4.530	4.510	4.572	4.687	4.890	5.232	5.294	5.606	5.983
4.490	4.510	4.530	4.730	4.933	5.297	5.393	5.692	6.083
4.390	4.428	4.418	4.627	4.863	5.192	5.300	5.635	5.995
4.360	4.520	4.386	4.596	4.864	5.216	5.323	5.621	6.022
4.360	4.571	4.416	4.679	4.925	5.244	5.386	5.697	6.071
4.180	4.448	4.324	4.535	4.824	5.108	5.227	5.610	5.942
4.250	4.489	4.376	4.544	4.844	5.140	5.270	5.593	5.992
4.230	4.571	4.437	4.679	4.957	5.276	5.430	5.716	6.199
4.380	4.632	4.529	4.750	5.018	5.315	5.434	5.734	6.131
4.320	4.530	4.541	4.803	5.093	5.412	5.507	5.832	6.238
4.320	4.530	4.551	4.792	5.093	5.401	5.496	5.821	6.226
4.500	4.673	4.663	4.894	5.195	5.493	5.542	5.918	6.309
4.370	4.704	4.611	4.938	5.195	5.548	5.620	5.837	6.350
4.180	4.500	4.376	4.702	5.066	5.339	5.458	5.806	6.237
4.100	4.540	4.406	4.743	5.118	5.403	5.579	5.841	6.351
3.930	4.265	4.244	4.685	4.983	5.368	5.520	5.842	6.323
3.870	4.244	4.182	4.633	4.867	5.263	5.346	5.729	6.168
3.960	4.213	4.203	4.612	4.954	5.294	5.457	5.767	6.231
4.080	4.326	4.274	4.726	5.024	5.387	5.470	5.818	6.256
4.170	4.254	4.213	4.633	4.996	5.370	5.452	5.799	6.185
4.160	4.244	4.306	4.778	5.109	5.484	5.543	5.891	6.301
4.200	4.346	4.367	4.808	5.107	5.482	5.587	5.923	6.321
4.200	4.275	4.306	4.746	5.045	5.419	5.537	5.872	6.268
4.190	4.305	4.336	4.777	5.065	5.451	5.557	5.868	6.266
4.220	4.305	4.213	4.738	5.014	5.343	5.531	5.804	6.181
4.110	4.183	4.100	4.656	4.943	5.294	5.493	5.789	6.191
4.100	4.122	4.132	4.551	4.936	5.252	5.393	5.739	6.148
4.080	4.132	4.132	4.603	4.956	5.284	5.482	5.754	6.216
4.050	4.030	4.081	4.542	4.894	5.233	5.466	5.664	6.183
4.060	4.071	4.174	4.635	5.008	5.359	5.604	5.789	6.310
4.070	4.193	4.214	4.802	5.121	5.506	5.752	5.925	6.500
3.970	4.142	4.245	4.738	5.177	5.551	5.784	5.981	6.490
3.940	4.122	4.183	4.729	5.135	5.599	5.784	6.117	6.573
3.840	4.030	4.153	4.719	5.050	5.513	5.722	6.017	6.472
3.870	4.193	4.203	4.781	5.166	5.550	5.784	5.981	6.411
3.960	4.203	4.255	4.801	5.240	5.546	5.803	6.050	6.377
4.050	4.265	4.337	4.777	5.218	5.535	5.757	6.017	6.333
4.080	4.183	4.245	4.822	5.229	5.557	5.815	6.000	6.394
4.080	3.989	4.144	4.783	5.146	5.508	5.718	5.989	6.336
4.080	4.040	4.184	4.919	5.249	5.634	5.809	6.082	6.468
4.040	4.020	4.143	4.867	5.186	5.594	5.827	6.073	6.483
4.030	4.020	4.154	4.867	5.219	5.604	5.837	6.059	6.456
4.090	4.009	4.154	4.920	5.217	5.625	5.870	6.079	6.477
3.970	3.887	4.176	4.836	5.187	5.606	5.804	6.063	6.530
3.910	3.887	4.062	4.691	5.074	5.504	5.654	5.962	6.373
3.950	3.938	4.093	4.742	5.115	5.522	5.697	5.944	6.355
3.940	3.938	4.144	4.657	5.117	5.468	5.630	5.927	6.342
3.860	3.897	4.000	4.671	5.011	5.383	5.546	5.794	6.271
3.780	3.867	4.011	4.639	5.077	5.370	5.557	5.853	6.237
3.860	3.856	4.042	4.639	5.044	5.360	5.628	5.935	6.333
3.890	3.897	4.052	4.680	5.075	5.459	5.656	5.940	6.339
3.880	3.887	4.011	4.597	5.024	5.396	5.605	5.888	6.274
3.850	3.846	3.949	4.588	5.004	5.342	5.610	5.855	6.212
3.790	3.816	3.991	4.556	4.961	5.322	5.566	5.872	6.243
3.870	3.775	3.919	4.494	4.888	5.260	5.515	5.784	6.179
3.830	3.724	3.889	4.474	4.890	5.239	5.471	5.777	6.235
3.800	3.602	3.880	4.464	4.891	5.262	5.470	5.838	6.281
3.700	3.480	3.798	4.456	4.849	5.276	5.473	5.790	6.257
3.800	3.582	3.880	4.464	4.847	5.275	5.471	5.777	6.223
3.780	3.643	3.828	4.434	4.827	5.266	5.462	5.768	6.199
3.720	3.592	3.787	4.372	4.765	5.203	5.411	5.704	6.148
3.590	3.673	3.807	4.350	4.841	5.200	5.467	5.808	6.231
3.660	3.795	3.888	4.463	4.933	5.304	5.595	5.850	6.287
3.650	3.765	3.929	4.536	4.952	5.346	5.555	5.873	6.227
3.650	3.856	4.042	4.744	5.095	5.434	5.714	6.057	6.363
3.600	3.826	4.094	4.701	5.128	5.535	5.791	6.122	6.451
3.570	3.724	4.095	4.628	5.088	5.437	5.647	5.979	6.374
3.620	3.877	4.124	4.763	5.191	5.530	5.728	6.024	6.416
3.620	3.877	4.114	4.763	5.191	5.519	5.728	6.037	6.416
3.540	3.806	4.084	4.722	5.171	5.510	5.766	6.024	6.445
3.560	3.775	4.022	4.576	5.123	5.483	5.715	6.009	6.417
3.570	3.806	4.022	4.566	5.090	5.440	5.695	5.965	6.385
3.710	3.714	3.889	4.474	5.031	5.413	5.621	5.952	6.323
3.700	3.714	3.909	4.610	5.037	5.420	5.629	5.935	6.315
3.690	3.683	3.868	4.527	5.029	5.378	5.598	5.917	6.315
3.710	3.714	3.899	4.600	5.048	5.386	5.618	5.925	6.286
3.710	3.744	3.899	4.600	5.048	5.408	5.617	5.924	6.299
3.690	3.734	3.889	4.632	5.047	5.374	5.642	5.886	6.246
3.620	3.653	3.797	4.413	4.872	5.231	5.486	5.754	6.142
3.610	3.663	3.786	4.445	4.871	5.230	5.544	5.738	6.150
3.560	3.612	3.776	4.445	4.871	5.242	5.520	5.800	6.132
3.610	3.653	3.756	4.424	4.850	5.199	5.465	5.733	6.132
3.580	3.643	3.745	4.425	4.872	5.232	5.475	5.707	6.104
3.570	3.632	3.797	4.434	4.903	5.274	5.541	5.809	6.180
3.560	3.683	3.755	4.403	4.796	5.190	5.456	5.761	6.102
3.510	3.612	3.684	4.363	4.767	5.160	5.437	5.753	6.093
3.500	3.571	3.715	4.342	4.767	5.171	5.437	5.692	6.126
3.490	3.582	3.623	4.249	4.685	5.066	5.332	5.599	6.029
3.480	3.571	3.674	4.269	4.705	5.131	5.362	5.654	6.015
3.610	3.612	3.674	4.342	4.822	5.192	5.493	5.796	6.051
3.600	3.602	3.694	4.342	4.756	5.217	5.459	5.787	6.068
3.580	3.602	3.684	4.310	4.768	5.229	5.494	5.785	6.079
3.640	3.592	3.684	4.332	4.789	5.216	5.493	5.784	6.149
3.540	3.520	3.572	4.166	4.677	5.058	5.370	5.660	6.023
3.510	3.490	3.593	4.208	4.719	5.111	5.400	5.739	6.118
3.500	3.470	3.541	4.167	4.592	5.040	5.304	5.643	6.016
3.520	3.459	3.531	4.146	4.571	5.007	5.284	5.623	6.008
3.520	3.470	3.572	4.166	4.645	5.015	5.234	5.659	5.969
3.520	3.500	3.634	4.270	4.717	5.120	5.293	5.695	6.006
3.510	3.470	3.531	4.188	4.634	5.060	5.244	5.596	6.000
3.470	3.439	3.490	4.158	4.571	5.019	5.110	5.549	5.864
3.600	3.490	3.613	4.239	4.707	5.077	5.181	5.632	5.941
3.480	3.439	3.542	4.178	4.602	5.028	5.154	5.556	5.915
3.500	3.459	3.603	4.187	4.698	5.079	5.229	5.582	5.960
3.520	3.439	3.562	4.156	4.603	5.039	5.200	5.565	5.943
3.520	3.449	3.531	4.230	4.644	5.092	5.241	5.619	5.997
3.580	3.439	3.614	4.176	4.655	5.070	5.254	5.582	5.955
3.540	3.439	3.531	4.146	4.582	4.974	5.112	5.525	5.899
3.510	3.388	3.470	4.106	4.508	4.945	5.071	5.484	5.823
3.450	3.337	3.440	4.044	4.565	4.978	5.081	5.567	5.842
3.450	3.358	3.481	4.085	4.477	4.969	5.083	5.520	5.829
3.440	3.368	3.481	4.095	4.466	4.958	5.061	5.522	5.832
3.530	3.459	3.655	4.270	4.717	5.176	5.279	5.682	5.993
3.550	3.429	3.624	4.292	4.695	5.166	5.280	5.732	6.044
3.520	3.368	3.481	4.116	4.562	5.021	5.169	5.558	5.960
3.450	3.236	3.348	3.962	4.440	4.897	5.069	5.456	5.842
3.450	3.236	3.390	4.003	4.416	4.885	5.068	5.480	5.922
3.430	3.215	3.277	3.890	4.185	4.686	4.789	5.526	5.855
3.430	3.205	3.267	3.880	4.433	4.678	4.782	5.521	5.864
2.990	2.860	2.870	3.471	3.978	4.520	4.679	5.314	5.720
2.900	2.718	2.831	3.462	3.990	4.421	4.649	5.175	5.626
2.940	2.749	2.922	3.585	4.157	4.567	4.772	5.288	5.742
2.720	2.678	2.821	3.525	4.042	4.540	4.699	5.238	5.823
2.330	2.465	2.648	3.434	4.047	4.489	4.636	5.356	5.910
2.350	2.506	2.730	3.433	4.025	4.522	4.669	5.256	5.854
2.530	2.465	2.638	3.331	3.996	4.416	4.642	5.204	5.787
2.690	2.526	2.648	3.424	3.951	4.459	4.629	5.287	5.756
2.540	2.435	2.659	3.341	3.835	4.343	4.650	5.222	5.751
2.420	2.354	2.527	3.281	3.764	4.271	4.531	5.151	5.656
2.400	2.323	2.507	3.198	3.713	4.220	4.480	5.086	5.578
2.410	2.394	2.537	3.260	3.732	4.295	4.566	5.161	5.599
2.470	2.435	2.516	3.208	3.755	4.251	4.397	5.052	5.543
2.380	2.354	2.537	3.156	3.724	4.209	4.458	5.040	5.550
2.390	2.293	2.486	3.167	3.661	4.245	4.379	5.021	5.518
2.330	2.273	2.487	3.126	3.683	4.167	4.439	5.020	5.500
2.300	2.222	2.416	3.127	3.620	4.159	4.441	5.023	5.515
2.410	2.253	2.344	3.066	3.580	4.174	4.398	4.967	5.524
2.430	2.263	2.334	3.066	3.644	4.249	4.405	5.083	5.582
2.350	2.273	2.405	3.096	3.663	4.247	4.472	5.090	5.553
2.460	2.374	2.486	3.229	3.755	4.273	4.579	5.113	5.671
2.340	2.293	2.456	3.188	3.703	4.309	4.614	5.100	5.610
2.420	2.354	2.415	3.126	3.694	4.212	4.563	4.988	5.562
2.290	2.222	2.375	3.128	3.695	4.212	4.506	5.040	5.513
2.280	2.232	2.415	3.148	3.737	4.243	4.526	5.072	5.465
2.300	2.253	2.385	3.117	3.727	4.234	4.482	5.088	5.511
2.230	2.182	2.365	3.138	3.738	4.266	4.560	5.154	5.551
2.320	2.202	2.395	3.127	3.716	4.300	4.548	5.094	5.600
2.330	2.212	2.426	3.127	3.684	4.301	4.560	5.106	5.600
2.280	2.172	2.365	3.055	3.687	4.270	4.495	5.076	5.583
2.270	2.151	2.273	3.119	3.601	4.195	4.477	5.022	5.526
2.260	2.121	2.202	2.985	3.530	4.179	4.414	4.982	5.487
2.200	2.091	2.182	2.913	3.532	4.136	4.383	4.963	5.437
2.140	2.101	2.101	2.800	3.440	3.999	4.302	4.821	5.360
2.160	2.081	2.101	2.790	3.323	3.948	4.194	4.772	5.140
2.200	2.111	2.202	2.871	3.437	3.942	4.234	4.705	5.187
2.130	2.030	2.132	2.779	3.440	3.955	4.248	4.742	5.283
2.080	2.020	2.101	2.780	3.345	3.925	4.251	4.698	5.173
1.920	1.869	1.930	2.648	3.276	3.910	4.201	4.682	5.156
2.010	1.939	2.061	2.667	3.253	3.777	3.934	4.593	5.119
1.970	1.879	2.102	2.708	3.294	3.885	4.188	4.693	5.250
1.910	1.869	2.031	2.719	3.273	3.908	4.188	4.693	5.209
1.900	1.869	2.041	2.709	3.252	3.821	4.079	4.643	5.252
1.910	1.899	2.011	2.823	3.409	3.979	4.225	4.768	5.312
1.960	2.010	2.560	3.033	3.611	4.205	4.407	4.953	5.488
1.970	2.040	2.672	3.238	3.861	4.412	4.649	5.222	5.725
2.020	2.081	2.671	3.311	4.009	4.539	4.856	5.296	5.804
2.020	2.000	2.061	3.341	3.962	4.525	4.772	5.308	5.806
2.030	2.040	2.457	3.304	3.915	4.489	4.795	5.318	5.827
2.050	2.081	2.580	3.458	4.070	4.713	4.915	5.514	5.996
2.060	2.081	2.590	3.489	4.091	4.722	4.936	5.474	5.958
2.080	2.111	2.681	3.550	4.131	4.774	4.988	5.478	5.977
2.110	2.131	2.651	3.582	4.238	4.859	5.085	5.649	6.056
2.040	2.081	2.498	3.407	4.083	4.703	4.951	5.477	6.011
1.990	2.010	2.529	3.511	4.156	4.743	4.991	5.517	6.043
1.880	1.899	2.346	3.254	3.940	4.536	4.783	5.343	5.883
1.900	1.869	2.316	3.223	3.995	4.524	4.771	5.344	5.839
1.910	1.899	2.255	3.141	3.826	4.399	4.657	5.252	5.718
1.860	1.889	2.275	3.203	3.953	4.459	4.673	5.245	5.768
1.940	1.990	2.488	3.439	4.137	4.723	4.937	5.524	5.901
1.880	1.960	2.570	3.574	4.283	4.860	5.062	5.638	6.100
1.840	1.909	2.509	3.606	4.348	4.947	5.207	5.784	6.242
1.830	1.899	2.387	3.420	4.139	4.815	5.085	5.672	6.183
1.790	1.848	2.275	3.349	4.078	4.776	5.011	5.658	6.207
1.860	1.899	2.356	3.368	4.098	4.740	4.975	5.574	6.151
1.880	1.909	2.407	3.388	4.183	4.780	5.074	5.661	6.158
1.830	1.889	2.499	3.565	4.360	4.971	5.253	5.830	6.354
1.890	2.141	2.426	3.523	4.297	4.951	5.257	5.907	6.311
1.830	2.040	2.356	3.577	4.307	4.951	5.222	5.897	6.357
1.820	2.020	2.366	3.472	4.234	4.866	5.148	5.625	6.202
1.910	2.030	2.345	3.451	4.268	4.855	5.079	5.753	6.174
1.880	2.030	2.366	3.545	4.351	4.995	5.265	5.805	6.280
1.900	2.040	2.376	3.566	4.296	4.940	5.164	5.815	6.299
1.900	2.030	2.376	3.566	4.307	4.940	5.164	5.815	6.299
1.950	2.081	2.213	3.642	4.394	5.015	5.239	5.891	6.313
1.980	2.081	2.264	3.526	4.277	4.876	5.158	5.733	6.233
1.950	2.061	2.325	3.514	4.331	4.963	5.234	5.797	6.274
2.010	2.091	2.223	3.390	4.184	4.782	5.122	5.683	6.162
2.000	2.091	2.233	3.422	4.173	4.793	5.109	5.671	6.136
2.020	2.131	2.375	3.576	4.328	4.938	5.267	5.806	6.273
2.040	2.151	2.314	3.545	4.308	4.918	5.247	5.749	6.205
2.040	2.162	2.294	3.493	4.299	4.909	5.191	5.779	6.236
2.050	2.121	2.213	3.432	4.216	4.791	5.061	5.612	6.137
2.060	2.151	2.202	3.422	4.184	4.770	5.040	5.652	6.162
1.950	2.010	2.091	3.341	4.134	4.708	5.013	5.599	6.136
1.910	1.939	2.173	3.298	4.059	4.655	4.937	5.559	6.026
1.720	1.788	1.950	3.083	3.885	4.513	4.782	5.414	5.875
1.750	1.808	2.001	3.155	3.807	4.491	4.818	5.376	5.865
1.770	1.778	2.011	3.093	3.841	4.436	4.751	5.321	5.785
1.780	1.798	2.031	3.144	3.861	4.467	4.806	5.339	5.778
1.800	1.848	2.133	3.226	4.018	4.559	4.840	5.486	5.927
1.790	1.838	2.173	3.340	3.940	4.580	4.885	5.457	5.926
1.790	1.838	2.021	3.207	3.988	4.595	4.899	5.446	5.928
1.880	1.889	2.072	3.258	4.040	4.625	4.929	5.465	5.961
1.890	1.909	2.173	3.402	4.153	4.717	5.068	5.593	6.049
1.940	1.919	2.183	3.423	4.088	4.752	5.022	5.596	6.026
1.860	1.909	2.346	3.525	4.201	4.878	5.137	5.712	6.136
1.910	1.960	2.305	3.473	4.171	4.836	5.129	5.655	6.150
1.850	1.859	2.194	3.277	4.006	4.624	4.940	5.513	6.015
1.880	1.899	2.295	3.484	4.138	4.736	5.076	5.626	6.076
1.870	1.939	2.315	3.452	4.171	4.769	5.109	5.585	6.004
1.800	1.828	2.285	3.401	4.087	4.684	5.024	5.598	5.949
1.880	1.889	2.204	3.308	4.047	4.588	4.916	5.465	5.878
1.870	1.869	2.245	3.308	4.036	4.566	4.894	5.442	5.855
1.870	1.869	2.265	3.276	4.048	4.588	4.963	5.511	5.909
1.860	1.869	2.194	3.319	4.026	4.611	4.986	5.546	5.902
1.810	1.848	2.214	3.267	3.995	4.569	4.931	5.479	5.889
1.840	1.879	2.244	3.287	3.983	4.590	4.953	5.513	5.909
1.890	1.909	2.295	3.380	4.077	4.674	4.967	5.590	5.979
1.920	1.929	2.326	3.379	4.108	4.717	4.987	5.623	5.943
1.940	1.939	2.356	3.441	4.053	4.661	4.955	5.565	5.941
1.910	1.939	2.346	3.400	4.000	4.563	4.858	5.479	5.882
1.940	1.980	2.203	3.266	4.016	4.556	4.838	5.497	5.805
1.940	1.990	2.213	3.256	4.016	4.568	4.838	5.508	5.816
1.960	2.020	2.315	3.410	4.021	4.585	4.844	5.540	5.889
1.960	2.010	2.223	3.287	3.951	4.524	4.818	5.512	5.832
1.970	2.020	2.284	3.338	3.981	4.533	4.803	5.437	5.851
1.980	2.040	2.315	3.368	3.979	4.565	4.790	5.509	5.861
1.920	2.000	2.376	3.409	4.053	4.684	4.908	5.568	5.943
1.860	1.899	2.193	3.246	3.888	4.528	4.798	5.431	5.845
1.860	1.919	2.356	3.441	3.999	4.596	4.844	5.503	5.866
1.860	1.919	2.377	3.514	4.136	4.701	5.007	5.593	5.902
1.880	1.949	2.438	3.513	4.189	4.720	5.015	5.615	5.925
1.870	1.919	2.509	3.523	4.199	4.753	5.001	5.626	5.936
1.860	1.970	2.458	3.617	4.186	4.796	5.021	5.658	6.010
1.860	2.030	2.631	3.782	4.395	4.995	5.279	5.845	6.199
1.890	2.111	2.743	3.863	4.510	5.100	5.290	5.982	6.266
1.970	2.182	2.763	3.915	4.529	5.097	5.300	6.017	6.230
1.960	2.151	2.743	3.894	4.508	5.076	5.267	5.996	6.223
1.930	2.121	2.722	3.811	4.403	5.004	5.311	5.914	6.223
1.970	2.172	2.814	3.977	4.570	5.149	5.399	6.067	6.376
1.970	2.202	2.773	3.957	4.495	5.131	5.298	6.015	6.272
1.990	2.232	2.844	3.976	4.591	5.125	5.481	5.986	6.268
1.990	2.212	2.834	3.934	4.560	5.094	5.286	6.003	6.289
1.990	2.242	2.967	4.090	4.694	5.252	5.479	6.124	6.483
1.970	2.242	2.967	4.016	4.610	5.178	5.393	6.087	6.293
2.000	2.141	3.019	4.121	4.725	5.272	5.523	6.093	6.395
2.030	2.212	3.008	4.131	4.758	5.237	5.499	6.107	6.358
2.020	2.212	2.967	4.016	4.664	5.188	5.450	6.056	6.289
1.990	2.182	2.916	3.975	4.590	5.181	5.442	6.024	6.283
1.960	2.202	2.957	4.079	4.662	5.243	5.493	6.062	6.337
2.060	2.162	2.968	4.027	4.610	5.201	5.416	6.085	6.374
2.070	2.182	2.967	4.027	4.620	5.223	5.438	6.107	6.410
2.040	2.121	2.865	3.987	4.537	5.161	5.376	6.044	6.262
2.070	2.151	2.845	4.019	4.557	5.126	5.329	6.047	6.237
2.070	2.172	2.855	3.913	4.463	5.053	5.291	5.933	6.207
2.050	2.111	2.722	3.853	4.413	4.991	5.229	5.870	6.170
2.060	2.121	2.794	3.904	4.443	5.089	5.350	5.917	6.202
1.960	2.091	2.712	3.780	4.350	4.984	5.221	5.886	6.160
1.920	2.081	2.733	3.853	4.413	5.047	5.226	5.930	6.202
1.950	2.061	2.712	3.780	4.372	4.984	5.186	5.901	6.144
1.920	2.050	2.672	3.749	4.341	4.941	5.120	5.810	6.107
1.940	2.050	2.641	3.729	4.299	4.932	5.146	5.785	6.097
1.990	2.111	2.681	3.780	4.405	4.994	5.150	5.852	6.154
1.990	2.061	2.672	3.770	4.351	5.019	5.163	5.915	6.143
1.950	1.990	2.601	3.698	4.333	4.933	5.146	5.798	6.167
1.920	2.000	2.621	3.729	4.310	4.966	5.122	5.860	6.131
1.930	2.000	2.621	3.698	4.300	4.934	5.136	5.861	6.133
1.940	2.000	2.601	3.698	4.268	4.913	5.103	5.754	6.082
1.920	1.960	2.642	3.614	4.259	4.836	5.073	5.736	6.005
1.920	1.960	2.509	3.491	4.168	4.811	5.035	5.684	6.024
1.920	1.939	2.499	3.491	4.157	4.755	4.968	5.617	5.996
1.900	1.949	2.570	3.584	4.218	4.828	5.053	5.740	6.021
1.900	1.970	2.499	3.522	4.156	4.765	5.048	5.660	5.914
1.880	1.929	2.509	3.491	4.135	4.677	5.018	5.605	5.940
1.870	1.970	2.529	3.501	4.156	4.743	5.049	5.636	5.984
1.820	1.980	2.468	3.481	4.093	4.724	4.972	5.608	5.943
1.820	1.970	2.458	3.471	4.093	4.725	4.984	5.632	5.953
1.810	1.970	2.448	3.450	4.083	4.703	4.951	5.611	5.958
1.790	1.980	2.601	3.646	4.302	4.868	5.128	5.779	6.114
1.890	2.061	2.518	3.543	4.198	4.785	5.033	5.671	6.050
1.850	1.990	2.488	3.512	4.135	4.733	5.027	5.627	6.047
1.870	2.010	2.570	3.615	4.249	4.860	5.131	5.744	6.167
1.890	2.061	2.590	3.677	4.312	4.911	5.148	5.812	6.146
1.920	2.061	2.559	3.667	4.280	4.868	5.128	5.755	6.129
1.890	2.000	2.529	3.595	4.240	4.771	5.078	5.629	5.976
1.860	2.020	2.590	3.719	4.365	4.875	5.182	5.735	6.068
1.860	2.010	2.529	3.637	4.271	4.769	5.099	5.638	6.013
1.850	2.000	2.478	3.564	4.220	4.740	5.046	5.597	5.958
1.810	1.929	2.417	3.513	4.147	4.678	4.972	5.547	5.920
1.820	1.939	2.448	3.555	4.199	4.708	5.014	5.577	5.965
1.820	1.939	2.438	3.565	4.188	4.708	5.003	5.578	5.951
1.830	1.929	2.458	3.575	4.188	4.696	5.003	5.578	5.952
1.850	1.939	2.468	3.596	4.198	4.695	5.002	5.577	5.937
1.830	1.960	2.427	3.513	4.103	4.657	4.951	5.501	5.860
1.830	1.949	2.366	3.472	4.052	4.627	4.921	5.446	5.792
1.820	1.919	2.407	3.524	4.050	4.592	4.932	5.482	5.868
1.830	1.879	2.346	3.463	3.999	4.540	4.869	5.430	5.830
1.840	1.869	2.407	3.472	4.041	4.593	4.899	5.461	5.860
1.810	1.879	2.407	3.451	4.041	4.571	4.866	5.452	5.850
1.850	1.919	2.305	3.390	3.936	4.466	4.760	5.381	5.780
1.860	1.929	2.377	3.462	4.095	4.625	4.897	5.495	5.922
1.870	1.919	2.356	3.441	4.031	4.561	4.844	5.430	5.869
1.870	1.909	2.295	3.369	3.991	4.521	4.838	5.398	5.863
1.850	1.889	2.316	3.379	3.990	4.509	4.803	5.388	5.827
1.840	1.879	2.255	3.318	3.928	4.413	4.730	5.302	5.740
1.810	1.818	2.194	3.246	3.824	4.308	4.625	5.195	5.633
1.840	1.838	2.224	3.277	3.855	4.362	4.678	5.261	5.713
1.800	1.788	2.153	3.257	3.824	4.342	4.658	5.253	5.719
1.780	1.768	2.164	3.122	3.721	4.226	4.542	5.148	5.572
1.790	1.798	2.255	3.172	3.782	4.278	4.605	5.224	5.637
1.790	1.808	2.235	3.173	3.783	4.278	4.606	5.212	5.612
1.780	1.778	2.214	3.236	3.824	4.320	4.636	5.243	5.657
1.770	1.798	2.153	3.184	3.762	4.279	4.618	5.212	5.638
1.750	1.758	2.103	3.123	3.700	4.217	4.567	5.148	5.586
1.730	1.748	2.123	3.185	3.752	4.269	4.608	5.214	5.639
1.830	1.859	2.102	3.143	3.731	4.259	4.609	5.203	5.586
1.890	1.919	2.082	3.060	3.712	4.262	4.600	5.206	5.589
1.790	1.798	2.072	3.061	3.680	4.197	4.547	5.152	5.590
1.720	1.727	2.103	3.092	3.701	4.184	4.557	5.186	5.624
1.700	1.717	2.093	3.154	3.678	4.173	4.534	5.188	5.625
1.690	1.727	2.174	3.122	3.742	4.237	4.610	5.252	5.716
1.870	1.929	2.102	3.070	3.701	4.284	4.622	5.203	5.576
1.780	1.778	2.001	3.031	3.586	4.157	4.552	5.156	5.560
1.730	1.737	1.950	2.917	3.440	4.010	4.393	5.043	5.421
1.720	1.737	1.981	2.917	3.482	4.030	4.414	5.077	5.468
1.710	1.717	1.900	2.814	3.379	3.926	4.309	4.934	5.379
1.730	1.727	1.890	2.845	3.421	3.991	4.431	5.020	5.453
1.760	1.737	1.879	2.897	3.452	4.011	4.428	5.030	5.526
1.800	1.818	1.930	2.917	3.472	4.075	4.493	5.083	5.568
1.740	1.748	1.869	2.815	3.390	3.992	4.375	4.976	5.485
1.730	1.687	1.804	2.758	3.316	3.883	4.274	4.887	5.376
1.692	1.717	1.774	2.673	3.258	3.811	4.215	4.842	5.324
1.696	1.704	1.710	2.565	3.180	3.719	4.130	4.823	5.308
1.695	1.752	1.847	2.657	3.287	3.805	4.206	4.901	5.422
1.722	1.739	1.719	2.569	3.155	3.670	4.055	4.754	5.290
1.699	1.709	1.746	2.526	3.190	3.703	4.088	4.787	5.324
1.714	1.769	1.870	2.699	3.357	3.911	4.304	5.003	5.536
1.805	1.833	1.916	2.723	3.393	3.951	4.323	4.960	5.512
1.793	1.759	1.794	2.533	3.200	3.790	4.173	4.867	5.427
1.714	1.688	1.718	2.411	3.107	3.703	4.072	4.790	5.361
1.639	1.609	1.621	2.294	2.958	3.568	3.948	4.682	5.253
1.660	1.598	1.561	2.190	2.822	3.453	3.853	4.564	5.125
1.642	1.610	1.668	2.348	3.044	3.715	4.007	4.737	5.309
1.575	1.569	1.557	2.287	2.885	3.559	3.965	4.734	5.293
1.604	1.611	1.648	2.373	2.985	3.649	4.030	4.794	5.292
1.612	1.630	1.634	2.344	2.918	3.546	3.864	4.641	5.136
1.657	1.662	1.643	2.358	2.946	3.553	3.905	4.635	5.111
1.620	1.604	1.576	2.256	2.845	3.424	3.791	4.520	4.974
1.626	1.654	1.757	2.432	3.020	3.599	3.928	4.627	4.997
1.640	1.699	1.738	2.452	3.029	3.566	3.929	4.609	5.011
1.683	1.756	1.853	2.566	3.185	3.744	4.104	4.800	5.206
1.696	1.774	1.778	2.496	3.083	3.669	4.065	4.757	5.191
1.628	1.698	1.686	2.384	2.995	3.572	3.964	4.642	5.102
1.626	1.707	1.718	2.398	3.012	3.590	3.984	4.682	5.147
1.642	1.733	1.805	2.491	3.111	3.673	4.062	4.744	5.252
1.663	1.742	1.748	2.419	2.986	3.572	3.945	4.602	5.187
1.667	1.728	1.766	2.435	2.965	3.555	3.928	4.611	5.155
1.654	1.767	1.868	2.488	3.032	3.628	3.965	4.663	5.291
1.712	1.743	1.771	2.409	2.972	3.563	3.890	4.576	5.137
1.712	1.712	1.752	2.372	2.893	3.466	3.805	4.504	5.056
1.705	1.714	1.769	2.327	2.878	3.450	3.804	4.498	5.052
1.695	1.714	1.766	2.346	2.867	3.440	3.789	4.499	5.045
1.663	1.660	1.633	2.120	2.680	3.162	3.540	4.268	4.870
1.674	1.673	1.709	2.199	2.756	3.248	3.616	4.330	4.870
1.625	1.614	1.638	2.124	2.700	3.154	3.546	4.274	4.834
1.662	1.672	1.694	2.240	2.790	3.247	3.678	4.371	4.967
1.686	1.710	1.777	2.330	2.880	3.331	3.752	4.429	5.034
1.693	1.707	1.733	2.302	2.839	3.270	3.678	4.362	4.976
1.706	1.717	1.810	2.392	2.923	3.382	3.807	4.484	5.102
1.706	1.696	1.791	2.291	2.845	3.283	3.685	4.366	4.985
1.678	1.679	1.757	2.241	2.789	3.215	3.614	4.292	4.907
1.709	1.696	1.794	2.291	2.832	3.249	3.647	4.286	4.897
1.717	1.686	1.702	2.200	2.735	3.110	3.502	4.164	4.737
1.703	1.692	1.749	2.259	2.842	3.188	3.576	4.243	4.861
1.667	1.635	1.672	2.170	2.686	3.105	3.469	4.170	4.724
1.645	1.645	1.664	2.179	2.701	3.097	3.469	4.170	4.736
1.657	1.638	1.633	2.200	2.660	3.049	3.412	4.108	4.638
1.641	1.673	1.693	2.232	2.660	3.093	3.411	4.127	4.648
1.657	1.690	1.718	2.316	2.783	3.228	3.510	4.315	4.762
1.641	1.663	1.681	2.289	2.744	3.217	3.502	4.294	4.743
1.598	1.622	1.548	2.113	2.577	3.054	3.369	4.186	4.635
1.583	1.611	1.519	2.086	2.484	2.991	3.266	4.142	4.703
1.616	1.637	1.598	2.166	2.632	3.137	3.438	4.288	4.831
1.610	1.621	1.551	2.055	2.469	3.015	3.358	4.180	4.708
1.631	1.652	1.601	2.083	2.553	3.076	3.419	4.238	4.757
1.655	1.680	1.626	2.127	2.548	3.071	3.403	4.211	4.720
1.653	1.709	1.613	2.084	2.496	3.025	3.354	4.184	4.693
1.652	1.724	1.724	2.159	2.555	3.086	3.404	4.218	4.727
1.592	1.665	1.630	2.006	2.469	3.005	3.268	4.120	4.627
1.651	1.735	1.723	2.093	2.578	3.099	3.404	4.256	4.755
1.610	1.676	1.805	2.173	2.696	3.223	3.532	4.342	4.866
1.620	1.698	1.759	2.129	2.656	3.155	3.511	4.355	4.883
1.684	1.782	1.892	2.314	2.858	3.384	3.742	4.576	5.105
1.732	1.775	1.892	2.336	2.862	3.377	3.816	4.595	5.122
1.762	1.817	1.964	2.507	2.963	3.555	3.998	4.748	5.260
1.719	1.741	1.760	2.390	2.803	3.378	3.776	4.542	5.124
1.784	1.833	2.040	2.602	3.086	3.649	4.070	4.834	5.444
1.730	1.792	1.931	2.518	3.010	3.555	4.001	4.696	5.309
1.742	1.814	1.920	2.494	3.003	3.538	3.945	4.711	5.275
1.678	1.732	1.772	2.423	2.908	3.483	3.831	4.589	5.194
1.641	1.721	1.768	2.322	2.847	3.439	3.813	4.643	5.185
1.581	1.647	1.683	2.235	2.755	3.366	3.690	4.550	5.173
1.518	1.589	1.551	2.073	2.588	3.120	3.487	4.352	4.963
1.561	1.592	1.529	2.051	2.586	3.166	3.482	4.373	4.980
1.512	1.571	1.474	2.000	2.524	3.047	3.416	4.287	4.909
1.472	1.552	1.543	2.083	2.650	3.183	3.569	4.425	5.015
1.472	1.540	1.527	2.072	2.651	3.198	3.576	4.424	5.040
1.545	1.550	1.560	2.125	2.647	3.207	3.582	4.447	5.071
1.343	1.369	1.473	2.125	2.682	3.199	3.529	4.347	5.026
1.402	1.414	1.468	2.137	2.620	3.120	3.407	4.214	4.844
1.320	1.321	1.472	2.125	2.593	3.087	3.371	4.092	4.759
1.346	1.348	1.471	2.086	2.574	3.087	3.392	4.175	4.751
1.346	1.348	1.449	2.029	2.525	3.067	3.380	4.174	4.766
1.318	1.330	1.461	1.985	2.473	3.057	3.376	4.153	4.762
1.333	1.355	1.570	2.157	2.721	3.288	3.631	4.421	5.035
1.303	1.314	1.557	2.149	2.613	3.245	3.560	4.348	4.959
1.362	1.374	1.553	2.212	2.661	3.255	3.561	4.376	4.947
1.340	1.359	1.569	2.208	2.660	3.264	3.570	4.354	4.954
1.337	1.359	1.587	2.242	2.747	3.324	3.653	4.387	4.964
1.340	1.352	1.629	2.330	2.843	3.421	3.749	4.493	5.085
1.343	1.360	1.624	2.377	2.875	3.470	3.795	4.521	5.113
1.372	1.372	1.666	2.363	2.853	3.475	3.802	4.553	5.106
1.368	1.350	1.587	2.253	2.753	3.360	3.686	4.425	4.989
1.372	1.379	1.724	2.393	2.955	3.564	3.897	4.666	5.197
1.373	1.383	1.696	2.395	2.933	3.563	3.903	4.665	5.189
1.332	1.333	1.608	2.315	2.826	3.473	3.825	4.568	5.108
1.358	1.386	1.646	2.362	2.942	3.548	3.868	4.618	5.117
1.363	1.389	1.624	2.349	2.876	3.483	3.832	4.584	5.087
1.358	1.366	1.545	2.279	2.840	3.420	3.759	4.528	5.044
1.350	1.378	1.579	2.299	2.840	3.394	3.739	4.503	5.026
1.341	1.345	1.534	2.151	2.727	3.292	3.646	4.364	4.938
1.347	1.362	1.540	2.134	2.684	3.238	3.595	4.313	4.893
1.347	1.351	1.553	2.167	2.693	3.258	3.613	4.344	4.902
1.337	1.341	1.531	2.152	2.682	3.189	3.566	4.311	4.880
1.305	1.309	1.479	2.106	2.648	3.156	3.547	4.281	4.846
1.309	1.323	1.483	2.126	2.667	3.172	3.577	4.330	4.901
1.332	1.335	1.565	2.208	2.727	3.267	3.681	4.436	5.014
1.293	1.294	1.526	2.152	2.674	3.198	3.573	4.376	4.938
1.314	1.302	1.510	2.070	2.561	3.070	3.488	4.326	4.842
1.272	1.268	1.334	2.010	2.528	3.016	3.410	4.226	4.758
1.245	1.255	1.413	2.025	2.585	3.055	3.475	4.285	4.777
1.233	1.309	1.475	2.027	2.570	3.033	3.433	4.277	4.789
1.249	1.274	1.404	2.013	2.530	3.020	3.399	4.231	4.748
1.250	1.264	1.398	2.013	2.527	3.011	3.385	4.227	4.747
1.238	1.234	1.348	1.960	2.464	2.956	3.348	4.181	4.714
1.227	1.245	1.320	1.894	2.385	2.861	3.255	4.046	4.618
1.267	1.258	1.353	1.868	2.356	2.877	3.267	4.035	4.610
1.265	1.240	1.343	1.870	2.359	2.896	3.265	4.079	4.624
1.267	1.250	1.337	1.860	2.349	2.888	3.262	4.086	4.629
1.252	1.264	1.432	2.014	2.530	3.130	3.473	4.337	4.851
1.260	1.273	1.431	1.997	2.524	3.118	3.473	4.326	4.833
1.262	1.294	1.477	2.084	2.558	3.177	3.533	4.366	4.856
1.267	1.289	1.417	2.028	2.501	3.105	3.477	4.312	4.802
1.247	1.274	1.429	2.020	2.512	3.136	3.482	4.303	4.788
1.226	1.244	1.429	2.069	2.597	3.304	3.658	4.462	4.951
1.214	1.218	1.361	1.966	2.551	3.247	3.642	4.431	4.899
1.246	1.257	1.413	2.024	2.571	3.250	3.640	4.428	4.921
1.246	1.259	1.409	1.983	2.527	3.197	3.576	4.372	4.880
1.236	1.238	1.376	1.960	2.509	3.197	3.581	4.297	4.849
1.218	1.226	1.405	1.974	2.520	3.203	3.600	4.322	4.866
1.219	1.208	1.348	1.929	2.503	3.208	3.594	4.227	4.791
1.261	1.238	1.348	1.936	2.466	3.036	3.442	4.253	4.808
1.255	1.228	1.335	1.895	2.409	2.972	3.388	4.193	4.763
1.258	1.241	1.315	1.888	2.368	2.972	3.372	4.127	4.684
1.192	1.218	1.315	1.894	2.431	3.028	3.404	4.164	4.709
1.152	1.193	1.329	1.914	2.417	3.006	3.396	4.157	4.698
1.185	1.176	1.343	1.884	2.446	3.028	3.420	4.204	4.732
1.210	1.232	1.328	1.883	2.443	3.087	3.449	4.230	4.741
1.210	1.244	1.400	1.944	2.504	3.156	3.518	4.320	4.792
1.188	1.137	1.330	1.862	2.427	3.054	3.454	4.239	4.718
1.164	1.183	1.348	1.908	2.492	3.099	3.467	4.257	4.738
1.182	1.216	1.382	1.939	2.535	3.158	3.528	4.264	4.763
1.195	1.172	1.330	1.857	2.443	3.030	3.425	4.151	4.685
1.188	1.224	1.388	1.902	2.551	3.114	3.494	4.234	4.781
1.168	1.170	1.332	1.854	2.447	3.050	3.420	4.135	4.696
1.183	1.191	1.314	1.819	2.388	2.992	3.381	4.110	4.676
1.194	1.209	1.338	1.844	2.451	3.081	3.439	4.176	4.713
1.204	1.194	1.296	1.832	2.409	3.011	3.406	4.143	4.699
1.207	1.212	1.262	1.802	2.368	2.962	3.365	4.120	4.687
1.199	1.229	1.277	1.743	2.288	2.882	3.288	4.064	4.609
1.223	1.218	1.374	1.892	2.445	2.987	3.391	4.211	4.753
1.223	1.237	1.331	1.815	2.379	2.980	3.383	4.178	4.721
1.236	1.214	1.286	1.800	2.368	2.916	3.336	4.092	4.668
1.278	1.252	1.275	1.772	2.361	2.891	3.321	4.049	4.642
1.251	1.256	1.282	1.757	2.336	2.843	3.271	4.009	4.622
1.241	1.246	1.299	1.765	2.333	2.851	3.276	4.029	4.634
1.242	1.239	1.276	1.717	2.299	2.836	3.182	3.982	4.593
1.244	1.250	1.290	1.729	2.272	2.816	3.156	3.966	4.565
1.203	1.210	1.249	1.685	2.217	2.702	3.098	3.891	4.459
1.219	1.227	1.290	1.697	2.247	2.723	3.136	3.915	4.449
1.218	1.216	1.273	1.629	2.191	2.695	3.077	3.862	4.401
1.247	1.227	1.260	1.644	2.196	2.671	3.076	3.842	4.385
1.228	1.206	1.219	1.612	2.189	2.642	2.975	3.827	4.362
1.204	1.196	1.215	1.573	2.144	2.601	2.927	3.792	4.321
1.204	1.185	1.199	1.597	2.152	2.635	2.961	3.800	4.352
1.147	1.132	1.134	1.538	2.095	2.595	2.926	3.784	4.336
1.126	1.122	1.079	1.493	2.012	2.498	2.835	3.671	4.251
1.180	1.181	1.136	1.586	2.102	2.601	2.927	3.779	4.334
1.130	1.142	1.165	1.620	2.151	2.602	2.958	3.739	4.271
1.176	1.200	1.309	1.795	2.356	2.804	3.180	3.920	4.441
1.150	1.174	1.218	1.687	2.281	2.711	3.075	3.828	4.345
1.204	1.232	1.331	1.843	2.413	2.897	3.275	4.007	4.527
1.234	1.233	1.323	1.894	2.467	2.969	3.311	4.036	4.568
1.230	1.229	1.314	1.940	2.522	3.031	3.388	4.125	4.650
1.205	1.194	1.274	1.840	2.436	2.981	3.354	4.069	4.655
1.175	1.215	1.381	2.035	2.616	3.179	3.566	4.279	4.885
1.193	1.225	1.312	1.892	2.455	3.013	3.437	4.116	4.714
1.194	1.229	1.351	1.886	2.449	2.994	3.405	4.088	4.691
1.218	1.240	1.363	1.867	2.438	2.993	3.398	4.083	4.702
1.211	1.252	1.361	1.872	2.432	2.990	3.406	4.097	4.723
1.171	1.210	1.286	1.792	2.357	2.908	3.350	4.039	4.698
1.154	1.178	1.218	1.687	2.262	2.750	3.165	3.928	4.544
1.160	1.167	1.221	1.669	2.230	2.766	3.167	3.944	4.560
1.211	1.239	1.243	1.786	2.364	2.956	3.343	4.142	4.694
1.191	1.209	1.205	1.739	2.316	2.927	3.285	4.111	4.682
1.154	1.182	1.217	1.737	2.329	2.966	3.325	4.157	4.733
1.196	1.229	1.251	1.786	2.383	2.957	3.296	4.123	4.699
1.217	1.241	1.259	1.766	2.385	2.932	3.297	4.117	4.697
1.186	1.210	1.234	1.701	2.272	2.878	3.233	4.058	4.644
1.178	1.203	1.288	1.806	2.330	2.918	3.299	4.107	4.642
1.191	1.218	1.287	1.793	2.361	2.923	3.290	4.071	4.640
1.239	1.248	1.365	1.910	2.471	2.998	3.353	4.152	4.717
1.229	1.237	1.357	1.890	2.455	2.977	3.333	4.120	4.681
1.204	1.226	1.315	1.841	2.388	2.920	3.261	4.069	4.596
1.185	1.206	1.274	1.801	2.349	2.880	3.220	4.028	4.553
1.235	1.259	1.339	1.912	2.443	2.966	3.346	4.101	4.664
1.234	1.260	1.341	1.916	2.447	2.970	3.348	4.102	4.665
1.223	1.292	1.349	1.863	2.436	2.950	3.350	4.126	4.687
1.204	1.253	1.360	1.855	2.418	2.953	3.309	4.118	4.653
1.205	1.254	1.351	1.827	2.421	2.963	3.322	4.120	4.647
1.118	1.146	1.210	1.693	2.205	2.777	3.117	3.957	4.500
1.174	1.212	1.240	1.726	2.310	2.852	3.175	4.004	4.551
1.169	1.207	1.264	1.744	2.346	2.914	3.215	3.996	4.618
1.144	1.171	1.210	1.631	2.185	2.793	3.124	3.906	4.502
1.158	1.176	1.189	1.630	2.165	2.796	3.140	3.922	4.537
1.174	1.192	1.216	1.723	2.285	2.838	3.224	4.038	4.567
1.155	1.182	1.186	1.689	2.244	2.784	3.177	3.949	4.531
1.164	1.160	1.140	1.588	2.130	2.666	3.050	3.840	4.456
1.164	1.171	1.221	1.580	2.072	2.568	2.915	3.724	4.325
1.137	1.165	1.199	1.592	2.064	2.556	2.905	3.721	4.306
1.123	1.141	1.174	1.541	2.029	2.495	2.856	3.661	4.240
1.124	1.171	1.189	1.572	2.014	2.526	2.887	3.666	4.228
1.131	1.180	1.198	1.580	2.009	2.496	2.829	3.642	4.179
1.105	1.175	1.170	1.522	1.949	2.430	2.739	3.554	4.083
1.147	1.166	1.208	1.574	2.027	2.486	2.829	3.581	4.087
1.110	1.088	1.090	1.459	1.905	2.329	2.696	3.446	3.967
1.168	1.168	1.177	1.539	1.964	2.426	2.760	3.553	4.081
1.115	1.123	1.060	1.396	1.807	2.227	2.568	3.335	3.875
1.190	1.178	1.192	1.527	1.955	2.411	2.708	3.458	4.006
1.160	1.158	1.093	1.459	1.850	2.263	2.524	3.323	3.829
1.131	1.144	1.136	1.502	1.913	2.311	2.601	3.402	3.920
1.131	1.145	1.132	1.495	1.916	2.312	2.603	3.405	3.916
1.163	1.157	1.149	1.462	1.888	2.312	2.604	3.451	3.977
1.184	1.178	1.179	1.464	1.841	2.294	2.606	3.425	3.995
1.183	1.146	1.113	1.451	1.801	2.262	2.578	3.327	3.919
1.163	1.167	1.183	1.453	1.838	2.248	2.602	3.368	3.970
1.195	1.199	1.189	1.429	1.823	2.262	2.639	3.403	3.968
1.146	1.140	1.138	1.319	1.744	2.161	2.568	3.350	3.899
1.121	1.131	1.134	1.337	1.722	2.138	2.524	3.317	3.858
1.115	1.114	1.107	1.355	1.751	2.180	2.568	3.377	3.907
1.103	1.102	1.109	1.352	1.756	2.202	2.601	3.382	3.902
1.100	1.090	1.058	1.306	1.706	2.138	2.530	3.317	3.844
1.059	1.048	1.055	1.251	1.631	2.045	2.436	3.221	3.713
1.018	1.026	1.022	1.283	1.681	2.135	2.464	3.272	3.741
0.997	0.980	0.985	1.245	1.652	2.075	2.409	3.240	3.680
0.935	0.939	0.968	1.226	1.627	2.038	2.392	3.189	3.647
0.946	0.951	0.995	1.340	1.739	2.131	2.505	3.264	3.720
1.015	1.011	1.018	1.400	1.798	2.212	2.587	3.375	3.776
1.023	0.989	1.014	1.395	1.836	2.263	2.669	3.479	3.873
0.951	0.936	0.944	1.301	1.759	2.201	2.614	3.426	3.853
0.961	0.957	0.954	1.315	1.775	2.218	2.639	3.449	3.909
0.982	0.998	0.956	1.309	1.727	2.187	2.581	3.395	3.876
0.977	0.997	0.940	1.268	1.661	2.125	2.518	3.325	3.809
1.058	1.079	1.087	1.443	1.862	2.325	2.696	3.513	3.973
0.969	1.031	1.129	1.473	1.943	2.391	2.796	3.679	3.980
0.950	1.012	1.057	1.438	1.923	2.379	2.757	3.638	3.987
0.974	1.075	1.083	1.423	1.886	2.390	2.756	3.625	4.055
0.928	1.072	1.108	1.442	1.911	2.387	2.778	3.654	4.092
0.907	1.072	1.071	1.418	1.899	2.358	2.751	3.603	4.058
0.932	1.077	1.104	1.456	1.957	2.460	2.906	3.757	4.246
0.943	1.068	1.084	1.448	1.958	2.455	2.874	3.756	4.231
0.991	1.105	1.116	1.508	2.032	2.535	2.927	3.808	4.283
0.988	1.107	1.136	1.526	2.009	2.523	2.908	3.784	4.230
0.973	1.073	1.103	1.501	2.008	2.484	2.928	3.775	4.270
0.984	1.074	1.093	1.478	1.975	2.461	2.879	3.751	4.258
0.984	1.075	1.077	1.467	1.947	2.405	2.826	3.727	4.230
0.997	1.087	1.136	1.504	2.092	2.547	2.942	3.837	4.335
0.998	1.089	1.130	1.626	2.228	2.744	3.181	4.102	4.530
0.999	1.086	1.063	1.601	2.138	2.639	3.082	4.002	4.444
0.980	1.077	1.116	1.682	2.222	2.724	3.181	4.084	4.586
0.981	1.091	1.179	1.765	2.313	2.838	3.288	4.223	4.701
1.006	1.113	1.199	1.888	2.507	3.063	3.506	4.448	4.870
1.008	1.114	1.170	1.739	2.400	2.946	3.397	4.310	4.831
1.030	1.128	1.239	1.715	2.394	2.972	3.450	4.357	4.847
1.067	1.156	1.092	1.719	2.378	2.992	3.448	4.391	4.920
1.058	1.081	1.094	1.675	2.371	2.998	3.478	4.437	4.936
1.063	1.091	1.164	1.796	2.549	3.153	3.649	4.574	5.022
1.082	1.121	1.224	1.892	2.689	3.334	3.839	4.781	5.207
1.083	1.116	1.184	1.820	2.599	3.231	3.735	4.644	5.113
1.075	1.149	1.325	1.957	2.678	3.309	3.802	4.736	5.253
1.057	1.133	1.334	2.014	2.818	3.408	3.887	4.811	5.262
1.145	1.191	1.359	1.983	2.746	3.342	3.859	4.726	5.233
1.106	1.182	1.405	2.143	2.961	3.512	3.969	4.837	5.344
1.106	1.163	1.369	2.069	2.786	3.363	3.857	4.701	5.122
1.062	1.128	1.314	1.962	2.659	3.286	3.642	4.570	4.986
1.055	1.121	1.279	1.942	2.615	3.214	3.585	4.555	5.015
1.050	1.135	1.334	2.019	2.692	3.290	3.689	4.602	5.081
1.040	1.135	1.300	1.988	2.655	3.313	3.801	4.708	5.201
1.071	1.167	1.333	2.069	2.772	3.416	3.938	4.846	5.336
1.073	1.190	1.282	2.042	2.794	3.432	3.947	4.842	5.294
1.041	1.147	1.347	2.077	2.905	3.508	4.015	4.866	5.344
1.042	1.157	1.332	2.101	2.850	3.464	3.883	4.800	5.270
1.043	1.158	1.347	2.000	2.702	3.356	3.766	4.666	5.144
1.056	1.172	1.363	2.007	2.798	3.461	3.861	4.763	5.226
1.067	1.195	1.401	2.098	2.898	3.557	3.967	4.843	5.233
1.060	1.167	1.449	2.153	2.944	3.591	3.978	4.909	5.213
1.092	1.182	1.451	2.187	2.963	3.657	4.043	4.869	5.288
1.115	1.217	1.438	2.137	2.928	3.624	4.016	4.842	5.236
1.120	1.225	1.480	2.217	3.020	3.704	4.123	4.936	5.316
1.099	1.216	1.375	2.146	2.858	3.543	3.975	4.782	5.177
1.051	1.168	1.283	2.209	2.913	3.639	4.043	4.850	5.271
1.093	1.221	1.438	2.215	2.911	3.619	4.011	4.844	5.253
1.084	1.233	1.492	2.290	3.035	3.773	4.176	5.022	5.403
1.080	1.199	1.450	2.280	3.019	3.742	4.144	5.002	5.403
1.069	1.199	1.390	2.155	2.888	3.606	4.031	4.868	5.300
1.049	1.179	1.318	1.973	2.715	3.384	3.820	4.659	5.127
1.052	1.182	1.299	1.988	2.774	3.460	3.904	4.746	5.203
1.023	1.142	1.228	1.885	2.643	3.312	3.788	4.637	5.086
1.025	1.123	1.247	1.850	2.611	3.222	3.698	4.527	5.036
1.016	1.136	1.284	1.897	2.698	3.301	3.741	4.609	5.022
1.013	1.113	1.222	1.853	2.537	3.194	3.626	4.538	4.935
1.028	1.125	1.244	1.804	2.513	3.165	3.590	4.543	4.960
1.039	1.156	1.232	1.781	2.509	3.160	3.583	4.546	4.972
1.038	1.156	1.258	1.784	2.507	3.138	3.561	4.457	4.869
1.034	1.132	1.235	1.795	2.505	3.126	3.543	4.455	4.806
1.026	1.134	1.275	1.839	2.551	3.165	3.569	4.463	4.800
1.029	1.166	1.266	1.810	2.561	3.171	3.550	4.490	4.871
1.020	1.177	1.272	1.832	2.571	3.164	3.591	4.493	4.905
1.010	1.167	1.266	1.806	2.505	3.112	3.531	4.333	4.832
1.010	1.168	1.255	1.789	2.487	3.085	3.472	4.282	4.774
1.010	1.118	1.199	1.714	2.384	2.985	3.372	4.184	4.703
1.030	1.129	1.213	1.805	2.431	3.051	3.465	4.300	4.793
1.017	1.115	1.147	1.638	2.306	2.872	3.310	4.142	4.632
1.008	1.105	1.125	1.621	2.296	2.875	3.300	4.140	4.637
1.008	1.106	1.154	1.657	2.343	2.934	3.381	4.234	4.739
1.011	1.130	1.242	1.844	2.590	3.162	3.621	4.495	4.968
1.007	1.126	1.229	1.819	2.561	3.127	3.583	4.457	4.942
1.008	1.127	1.245	1.872	2.596	3.201	3.658	4.553	5.014
1.017	1.147	1.233	1.849	2.567	3.141	3.601	4.503	4.973
1.036	1.157	1.256	1.883	2.612	3.195	3.669	4.565	5.045
1.041	1.162	1.257	1.888	2.597	3.169	3.641	4.517	5.030
1.064	1.175	1.230	1.876	2.575	3.173	3.635	4.525	4.968
1.065	1.177	1.253	1.937	2.654	3.256	3.727	4.632	5.069
1.080	1.176	1.288	2.037	2.726	3.336	3.785	4.682	5.128
1.081	1.199	1.366	2.243	2.874	3.481	3.909	4.786	5.196
1.062	1.170	1.369	2.176	2.804	3.394	3.830	4.708	5.122
1.086	1.195	1.395	2.188	2.825	3.390	3.807	4.699	5.143
1.102	1.197	1.390	2.180	2.801	3.370	3.791	4.642	5.074
1.102	1.188	1.356	2.077	2.722	3.269	3.680	4.533	5.006
1.123	1.216	1.410	2.154	2.842	3.364	3.770	4.608	5.066
1.054	1.146	1.393	2.058	2.727	3.281	3.674	4.484	4.950
1.076	1.151	1.406	2.124	2.778	3.333	3.708	4.503	4.988
1.061	1.130	1.350	2.012	2.663	3.215	3.603	4.385	4.901
1.082	1.163	1.394	2.102	2.774	3.336	3.732	4.547	5.027
1.082	1.184	1.369	2.188	2.850	3.392	3.776	4.614	5.037
1.073	1.175	1.401	2.157	2.793	3.348	3.741	4.560	4.996
1.056	1.169	1.414	2.195	2.841	3.405	3.813	4.638	5.059
1.069	1.179	1.405	2.171	2.815	3.375	3.774	4.599	5.018
1.076	1.188	1.460	2.242	2.881	3.458	3.855	4.662	5.075
1.077	1.199	1.472	2.274	2.919	3.487	3.917	4.713	5.125
1.088	1.201	1.499	2.320	2.960	3.532	3.973	4.748	5.168
1.081	1.206	1.481	2.353	3.003	3.565	4.015	4.785	5.184
1.106	1.222	1.516	2.356	3.023	3.566	3.975	4.774	5.174
1.096	1.213	1.515	2.349	2.979	3.519	3.924	4.717	5.122
1.087	1.194	1.449	2.187	2.852	3.361	3.787	4.570	4.972
1.045	1.142	1.352	2.125	2.742	3.263	3.692	4.440	4.907
1.044	1.151	1.340	2.090	2.729	3.244	3.664	4.421	4.870
1.051	1.145	1.338	2.069	2.680	3.179	3.580	4.380	4.803
1.040	1.146	1.369	2.203	2.845	3.305	3.771	4.499	4.947
1.038	1.164	1.328	2.087	2.729	3.197	3.670	4.379	4.831
1.018	1.156	1.392	2.153	2.777	3.250	3.719	4.411	4.899
1.021	1.150	1.387	2.193	2.834	3.325	3.794	4.480	4.937
1.027	1.152	1.361	2.157	2.774	3.263	3.700	4.446	4.891
1.051	1.193	1.431	2.276	2.877	3.367	3.812	4.548	4.981
1.052	1.194	1.427	2.275	2.878	3.368	3.812	4.547	4.981
1.053	1.197	1.527	2.357	2.974	3.474	3.911	4.650	5.071
1.036	1.202	1.547	2.388	2.987	3.538	3.954	4.659	5.107
1.026	1.184	1.515	2.359	2.991	3.528	3.951	4.673	5.125
1.019	1.198	1.520	2.369	3.025	3.550	3.983	4.744	5.137
1.020	1.209	1.498	2.348	3.003	3.524	3.940	4.678	5.099
0.985	1.169	1.374	2.170	2.815	3.322	3.758	4.501	4.955
1.020	1.198	1.394	2.184	2.897	3.344	3.791	4.539	4.973
1.043	1.223	1.433	2.242	2.964	3.443	3.883	4.644	5.062
1.032	1.184	1.358	2.207	2.887	3.377	3.817	4.545	5.020
1.033	1.174	1.275	2.084	2.746	3.250	3.698	4.444	4.933
1.016	1.179	1.331	2.114	2.750	3.289	3.725	4.470	4.942
1.030	1.203	1.315	2.123	2.771	3.306	3.746	4.494	4.963
1.041	1.200	1.281	2.091	2.742	3.262	3.696	4.449	4.909
1.011	1.170	1.307	2.090	2.759	3.257	3.696	4.434	4.872
1.000	1.134	1.283	2.073	2.710	3.204	3.625	4.381	4.810
1.007	1.152	1.310	2.091	2.737	3.213	3.649	4.408	4.837
1.020	1.177	1.346	2.120	2.786	3.270	3.690	4.428	4.849
1.025	1.174	1.346	2.146	2.851	3.366	3.763	4.523	4.950
1.053	1.200	1.319	2.100	2.780	3.285	3.688	4.441	4.878
1.053	1.201	1.314	2.102	2.780	3.286	3.688	4.440	4.878
1.053	1.212	1.346	2.097	2.759	3.269	3.664	4.415	4.863
1.043	1.212	1.330	2.084	2.793	3.318	3.737	4.509	4.950
1.065	1.195	1.319	2.042	2.801	3.318	3.714	4.512	4.947
1.070	1.190	1.305	2.041	2.812	3.334	3.757	4.508	4.950
1.071	1.191	1.299	2.041	2.812	3.335	3.757	4.507	4.950
1.075	1.209	1.388	2.126	2.941	3.472	3.853	4.664	5.098
1.079	1.216	1.394	2.147	2.906	3.438	3.847	4.644	5.043
1.069	1.216	1.325	2.048	2.821	3.341	3.754	4.496	4.931
1.012	1.197	1.344	2.041	2.791	3.293	3.726	4.463	4.900
1.002	1.159	1.361	2.051	2.808	3.280	3.711	4.485	4.917
1.001	1.126	1.248	1.878	2.602	3.086	3.503	4.279	4.734
1.014	1.141	1.236	1.861	2.602	3.102	3.516	4.287	4.768
0.986	1.128	1.166	1.806	2.523	2.980	3.441	4.181	4.666
1.005	1.140	1.216	1.888	2.545	3.017	3.471	4.186	4.651
0.986	1.123	1.213	1.895	2.561	3.019	3.465	4.158	4.609
0.987	1.116	1.240	1.929	2.620	3.090	3.562	4.271	4.671
1.026	1.156	1.238	1.925	2.604	3.063	3.527	4.118	4.673
1.027	1.154	1.218	1.910	2.605	3.061	3.509	4.149	4.704
1.023	1.163	1.215	1.894	2.592	3.030	3.496	4.169	4.679
1.013	1.140	1.202	1.863	2.538	2.975	3.442	4.091	4.609
1.023	1.152	1.253	1.932	2.636	3.093	3.571	4.227	4.736
1.006	1.125	1.259	1.981	2.639	3.123	3.644	4.265	4.790
1.007	1.125	1.225	1.941	2.585	3.076	3.575	4.242	4.754
1.043	1.170	1.329	2.151	2.783	3.277	3.729	4.397	4.878
1.033	1.171	1.323	2.074	2.716	3.276	3.709	4.381	4.866
0.993	1.112	1.348	2.057	2.714	3.257	3.706	4.383	4.841
1.032	1.142	1.383	2.070	2.736	3.290	3.739	4.424	4.886
1.026	1.112	1.318	2.001	2.650	3.202	3.626	4.307	4.791
1.004	1.102	1.308	2.030	2.672	3.176	3.637	4.337	4.806
1.033	1.132	1.345	2.104	2.752	3.251	3.701	4.414	4.872
0.986	1.084	1.296	2.024	2.661	3.131	3.615	4.309	4.780
1.027	1.112	1.315	2.019	2.638	3.096	3.579	4.278	4.753
1.064	1.127	1.341	2.087	2.707	3.164	3.652	4.355	4.812
1.001	1.074	1.282	1.986	2.578	3.026	3.527	4.249	4.716
0.990	1.060	1.273	1.987	2.594	3.032	3.519	4.241	4.732
0.975	1.026	1.216	1.949	2.540	3.012	3.496	4.233	4.736
1.036	1.088	1.228	1.957	2.537	3.013	3.474	4.210	4.724
1.038	1.098	1.228	1.950	2.538	3.014	3.464	4.214	4.722
1.008	1.059	1.220	1.963	2.551	3.010	3.494	4.210	4.706
1.025	1.089	1.212	1.927	2.528	2.993	3.470	4.185	4.684
0.995	1.059	1.249	1.996	2.589	3.069	3.589	4.285	4.761
1.024	1.078	1.250	1.956	2.538	2.991	3.518	4.213	4.682
1.041	1.095	1.229	1.947	2.524	3.005	3.503	4.204	4.687
1.049	1.098	1.220	1.907	2.516	2.979	3.480	4.196	4.669
1.042	1.092	1.237	1.906	2.532	2.997	3.500	4.222	4.693
0.976	1.017	1.260	1.892	2.463	2.971	3.451	4.133	4.629
1.034	1.063	1.246	1.911	2.491	2.996	3.482	4.164	4.651
1.063	1.105	1.327	2.003	2.588	3.087	3.575	4.262	4.743
1.013	1.055	1.271	1.965	2.596	3.102	3.552	4.240	4.717
1.026	1.078	1.289	1.953	2.571	3.049	3.521	4.212	4.676
0.993	1.024	1.206	1.815	2.396	2.868	3.319	4.014	4.502
1.028	1.031	1.145	1.738	2.288	2.758	3.210	3.909	4.399
1.039	1.054	1.164	1.716	2.249	2.698	3.145	3.870	4.361
1.019	1.054	1.191	1.752	2.269	2.703	3.133	3.877	4.367
1.009	1.034	1.132	1.699	2.208	2.632	3.125	3.834	4.338
0.998	1.023	1.255	1.773	2.306	2.776	3.235	3.939	4.451
0.990	1.036	1.213	1.776	2.285	2.763	3.215	3.891	4.391
1.020	1.056	1.181	1.739	2.211	2.677	3.117	3.828	4.312
1.002	1.057	1.188	1.755	2.246	2.716	3.145	3.872	4.352
0.983	1.028	1.144	1.792	2.293	2.747	3.197	3.914	4.365
0.975	1.029	1.132	1.776	2.279	2.739	3.200	3.920	4.374
1.017	1.059	1.175	1.737	2.260	2.682	3.106	3.841	4.362
1.002	1.044	1.197	1.726	2.267	2.659	3.102	3.831	4.342
1.007	1.040	1.189	1.723	2.254	2.671	3.119	3.841	4.368
0.995	1.047	1.179	1.737	2.258	2.681	3.153	3.875	4.397
0.992	1.046	1.186	1.831	2.354	2.781	3.295	3.988	4.503
1.028	1.084	1.216	1.854	2.413	2.865	3.368	4.063	4.552
1.075	1.124	1.271	1.877	2.428	2.888	3.384	4.094	4.585
1.059	1.110	1.227	1.815	2.363	2.789	3.302	4.021	4.509
1.006	1.078	1.293	1.883	2.430	2.852	3.385	4.085	4.575
0.997	1.081	1.400	2.100	2.702	3.145	3.685	4.432	4.866
0.995	1.099	1.392	2.143	2.766	3.221	3.762	4.506	4.939
1.013	1.114	1.363	2.098	2.710	3.231	4.192	4.404	4.847
1.016	1.118	1.351	2.117	2.725	3.179	3.695	4.428	4.883
1.018	1.070	1.371	2.137	2.764	3.222	3.729	4.468	4.911
1.019	1.071	1.372	2.139	2.765	3.223	3.730	4.467	4.898
1.022	1.095	1.360	2.128	2.811	3.241	3.797	4.486	4.916
1.028	1.138	1.429	2.228	2.937	3.368	3.928	4.618	5.062
1.058	1.221	1.513	2.313	2.973	3.375	3.958	4.656	5.059
1.048	1.213	1.508	2.320	3.006	3.423	3.969	4.715	5.148
1.019	1.150	1.449	2.258	2.931	3.341	3.883	4.640	5.066
1.044	1.175	1.493	2.335	2.989	3.413	3.942	4.696	5.127
1.089	1.219	1.549	2.446	3.111	3.536	4.029	4.752	5.156
1.069	1.196	1.552	2.436	3.069	3.513	3.995	4.708	5.106
1.038	1.207	1.575	2.431	3.026	3.501	3.982	4.691	5.099
1.040	1.210	1.690	2.556	3.170	3.638	4.098	4.786	5.162
1.030	1.190	1.678	2.557	3.150	3.615	4.036	4.745	5.112
1.029	1.179	1.649	2.482	3.097	3.530	3.984	4.698	5.077
1.074	1.221	1.743	2.601	3.265	3.716	4.145	4.862	5.228
1.036	1.154	1.716	2.600	3.287	3.744	4.194	4.875	5.196
1.038	1.207	1.741	2.589	3.274	3.718	4.166	4.860	5.200
1.064	1.225	1.743	2.592	3.257	3.701	4.156	4.844	5.195
1.086	1.241	1.744	2.609	3.313	3.801	4.233	4.935	5.277
1.063	1.220	1.712	2.609	3.308	3.806	4.237	4.925	5.283
1.104	1.283	1.788	2.676	3.345	3.849	4.288	4.971	5.341
1.168	1.410	1.957	2.940	3.621	4.126	4.606	5.228	5.537
1.167	1.418	1.963	2.933	3.629	4.139	4.649	5.280	5.585
1.153	1.401	1.933	2.939	3.600	4.094	4.614	5.227	5.534
1.132	1.383	1.969	2.971	3.676	4.153	4.679	5.292	5.614
1.118	1.412	2.006	3.010	3.712	4.213	4.725	5.323	5.662
1.141	1.445	1.944	2.885	3.583	4.041	4.603	5.197	5.547
1.161	1.431	1.900	2.863	3.506	3.991	4.496	5.120	5.475
1.156	1.455	1.963	2.908	3.552	4.046	4.534	5.177	5.522
1.152	1.468	2.000	2.948	3.594	4.082	4.586	5.212	5.532
