20010102 1.3752000000e+01 +2.9542100000e-01
20010103 6.1405600000e+01 +1.2027000000e+01
20010104 2.4376900000e+01 -1.6596700000e+00
20010105 1.3547500000e+01 +5.0966100000e-01
20010108 3.8814100000e+00 +1.1162200000e-01
20010109 7.4795100000e+00 -2.2146200000e+00
20010110 5.9299100000e+00 +1.0482500000e+00
20010111 2.8803500000e+00 +6.0344400000e-01
20010112 9.5989800000e+00 +6.6688900000e-02
20010116 2.5441300000e+00 -1.2226100000e+00
20010117 8.5297000000e+00 +3.9983200000e+00
20010118 7.5876600000e+00 +4.5128100000e+00
20010119 1.2087200000e+01 +3.8237100000e+00
20010122 6.3772100000e-01 -9.1079900000e-01
20010123 1.8801300000e+00 -3.4825900000e-01
20010124 2.3500000000e+00 +1.3094400000e+00
20010125 1.9691700000e+00 +6.1652400000e-01
20010126 4.6559700000e+00 +3.9263400000e+00
20010129 1.0745600000e+00 +2.1202700000e+00
20010130 4.5495800000e+00 +1.4488800000e+00
20010131 4.0248400000e+00 -2.9702700000e+00
20010201 3.2631600000e+00 +1.5973700000e+00
20010202 6.2925000000e+00 -2.3508900000e+00
20010205 2.8731000000e+00 +2.4193800000e+00
20010206 4.3803200000e+00 +1.7602800000e+00
20010207 7.1114800000e+00 +2.5623800000e+00
20010208 3.9300200000e+00 -2.4855200000e+00
20010209 5.1408300000e+00 -1.4397600000e+00
20010212 6.4581400000e+00 +3.3520500000e+00
20010213 7.3876600000e+00 -1.0356500000e+00
20010214 3.4502800000e+00 +1.0755200000e+00
20010215 1.8786700000e+00 +3.8308300000e-02
20010216 2.6565900000e+00 -1.3042100000e+00
20010220 3.9623600000e+00 -2.8436200000e+00
20010221 2.7180500000e+00 -1.8953800000e+00
20010222 1.4112800000e+01 +2.0464800000e+00
20010223 1.7146600000e+01 -4.1677400000e+00
20010226 1.2954900000e+01 -6.2785500000e-01
20010227 5.4594500000e+00 -2.3129400000e+00
20010228 8.3470600000e+00 -2.9576500000e+00
20010301 2.7816400000e+01 +6.3931500000e+00
20010302 3.3191500000e+01 -3.5728800000e+00
20010305 2.2458100000e+00 +2.1010100000e+00
20010306 2.5228900000e+00 -9.8640300000e-02
20010307 2.6242900000e+00 +2.3112200000e-01
20010308 1.8521000000e+00 -8.3714700000e-01
20010309 9.8190600000e+00 -5.8769000000e+00
20010312 1.1616200000e+01 -3.2777700000e+00
20010313 4.7122500000e+00 +3.2984900000e+00
20010314 9.4779900000e+00 -2.1000600000e+00
20010315 6.0706000000e+00 -3.9256300000e-01
20010316 1.5719600000e+01 -4.2796400000e+00
20010319 7.9018400000e+00 +1.7346000000e+00
20010320 4.8587300000e+00 -3.9484000000e+00
20010321 1.3451400000e+01 +5.6472600000e-01
20010322 1.1292400000e+01 -3.8282100000e-03
20010323 1.7666900000e+01 +4.9162400000e+00
20010326 2.1099600000e+00 +2.8103900000e-02
20010327 7.3899200000e+00 +5.4842900000e+00
20010328 4.9964600000e+00 -3.9198500000e+00
20010329 7.9750400000e+00 +6.1353000000e-01
20010330 3.8116500000e+00 -1.2874000000e-02
20010402 5.4895700000e+00 -2.3896600000e+00
20010403 6.6402000000e+00 -4.5583900000e+00
20010404 1.0733000000e+01 +1.6081900000e+00
20010405 2.1554000000e+01 +6.3590500000e+00
20010406 6.9164400000e+00 -1.7094200000e-01
20010409 7.5692100000e+00 -2.3183200000e+00
20010410 4.2655900000e+00 +1.7048700000e+00
20010411 9.5286400000e+00 -3.3048600000e+00
20010412 5.8675200000e+00 -4.9398300000e-01
20010416 1.0400700000e+01 +5.7010100000e-01
20010417 4.6300100000e+00 +1.7113300000e+00
20010418 5.9868300000e+01 +6.0355100000e+00
20010419 9.3230500000e+00 +4.6017600000e+00
20010420 2.8133400000e+00 +4.8832000000e-01
20010423 1.2549100000e+00 -1.6032700000e+00
20010424 1.6549400000e+00 -2.9081300000e-01
20010425 2.1578400000e+00 +2.3284700000e+00
20010426 3.3871100000e+00 -1.0359800000e+00
20010427 4.5044800000e+00 +2.0425500000e+00
20010430 1.5369000000e+00 -1.1110900000e+00
20010501 1.6167800000e+00 +2.3785200000e+00
20010502 4.7518000000e+00 -2.6789800000e+00
20010503 1.8713900000e+00 -9.3091800000e-01
20010504 3.4550400000e+00 +3.0710400000e+00
20010507 1.9097100000e+00 -3.6328400000e-01
20010508 1.9091500000e+00 +3.4799200000e-01
20010509 1.6681200000e+00 +3.7446700000e-01
20010510 1.6571500000e+00 -2.6297500000e+00
20010511 1.1862100000e+00 -2.1012000000e+00
20010514 2.7944700000e+00 +9.8343200000e-01
20010515 2.2088500000e+00 -1.2198200000e-01
20010516 1.7878500000e+00 +2.3853600000e+00
20010517 2.2443500000e+00 -5.5420900000e-01
20010518 1.1594300000e+00 +1.9620300000e+00
20010521 1.6148500000e+00 +9.2111600000e-01
20010522 1.2436000000e+00 -1.3833600000e+00
20010523 1.0790200000e+00 -2.1689000000e-01
20010524 9.1063600000e-01 +5.9419200000e-01
20010525 9.0096500000e-01 -1.3646900000e+00
20010529 1.0248600000e+00 -2.0007700000e+00
20010530 1.4740500000e+00 -1.1500300000e+00
20010531 1.8358600000e+00 -6.8588400000e-01
20010601 3.5598000000e-01 +5.5224400000e-01
20010604 9.0118400000e-01 +4.8638500000e-01
20010605 2.3436500000e+00 +2.9223900000e+00
20010606 2.5696300000e+00 -4.5772100000e-02
20010607 7.2846600000e-01 -1.6228200000e-01
20010608 2.1425300000e-01 -3.7816600000e-01
20010611 1.0501200000e+00 +8.8995900000e-01
20010612 1.6924800000e+00 +1.2349100000e-01
20010613 1.4294500000e+00 -6.1596700000e-01
20010614 1.2682000000e+00 -7.3666700000e-01
20010615 3.3070500000e+00 -1.4908700000e+00
20010618 1.3856300000e+00 +4.7215700000e-01
20010619 5.7713700000e+00 +4.5902200000e-01
20010620 3.2572200000e+00 -6.0838900000e-01
20010621 3.8029300000e+00 +3.3089400000e-01
20010622 2.3819500000e+00 +5.3584300000e-01
20010625 2.4920300000e+00 -9.5935900000e-01
20010626 2.9984200000e+00 +1.2600500000e+00
20010627 1.9602700000e+00 +3.8611300000e-01
20010628 2.4152900000e+00 +1.2582300000e+00
20010629 2.8220900000e+00 -1.6870000000e+00
20010702 1.5681000000e+00 +1.1050600000e+00
20010703 6.0458500000e-01 -1.1225900000e+00
20010705 1.5016100000e+00 -6.5685400000e-01
20010706 1.1374600000e+01 -4.5297400000e+00
20010709 2.3385200000e+00 -1.6759300000e+00
20010710 4.3666700000e+00 -2.6870200000e+00
20010711 3.4981800000e+00 +1.9358600000e+00
20010712 1.9778000000e+00 +1.8354400000e+00
20010713 4.4281700000e+00 +1.4327200000e+00
20010716 1.6592400000e+00 -7.2128900000e-01
20010717 2.8907800000e+00 +2.0185300000e+00
20010718 7.5701900000e+00 -3.9988400000e+00
20010719 2.5277300000e+00 -1.8612200000e+00
20010720 2.8030300000e+00 +1.3181900000e+00
20010723 1.8603500000e+00 +9.4568300000e-02
20010724 2.1569400000e+00 -7.1751700000e-01
20010725 2.3897900000e+00 +2.1572500000e-01
20010726 3.3232300000e+00 +1.1280800000e+00
20010727 1.3127100000e+00 -4.8282900000e-01
20010730 9.3286400000e-01 +9.3089300000e-01
20010731 1.2556800000e+00 -4.1057500000e-01
20010801 3.0845100000e+00 +1.5148800000e+00
20010802 1.2668600000e+00 +7.0601500000e-01
20010803 6.6099900000e-01 +1.3323200000e-01
20010806 1.0233800000e+00 -9.6972900000e-01
20010807 1.4746500000e+00 +1.6442600000e-01
20010808 8.3674600000e-01 -1.2039300000e+00
20010809 1.5706000000e+00 +1.5754400000e-01
20010810 1.3730600000e+00 +8.4953100000e-01
20010813 1.0338000000e+00 +8.4806500000e-01
20010814 1.1062300000e+00 -1.1066600000e-01
20010815 7.4540400000e-01 -1.1704700000e+00
20010816 7.7541100000e-01 +1.2501800000e+00
20010817 1.1994600000e+00 -9.7138400000e-01
20010820 1.1212300000e+00 -7.0855200000e-01
20010821 2.7075900000e+00 -2.0361200000e+00
20010822 2.7661400000e+00 +1.3766500000e+00
20010823 5.1826600000e-01 -8.9772300000e-01
20010824 2.9408600000e+00 +3.3066700000e+00
20010827 7.8075100000e-01 -6.4427700000e-02
20010828 1.3972300000e+00 -1.7906700000e+00
20010829 1.5839800000e+00 -1.1279800000e+00
20010830 5.2691600000e+00 -2.9003000000e+00
20010831 2.3998200000e+00 -6.7278800000e-01
20010904 3.0489300000e+00 +1.2880300000e+00
20010905 3.7173500000e+00 -1.1365200000e+00
20010906 4.6402300000e+00 -2.5693400000e+00
20010907 3.3198000000e+00 -1.4979900000e+00
20010910 2.0044500000e+00 +1.2549000000e-01
20010917 7.6258900000e+00 -1.0164400000e+00
20010918 6.9834900000e+00 +2.4821300000e+00
20010919 1.0550600000e+01 -4.5747900000e-01
20010920 3.8042900000e+00 -2.8184900000e+00
20010921 1.4126300000e+01 -2.9522500000e+00
20010924 2.8872700000e+00 +3.9382600000e+00
20010925 2.8077700000e+00 -1.6942800000e-01
20010926 6.4414200000e+00 -3.3919700000e+00
20010927 3.6464100000e+00 -1.5564100000e+00
20010928 2.4463600000e+00 +2.3485900000e+00
20011001 9.2514200000e-01 +6.4477900000e-01
20011002 2.7124000000e+00 +1.2601500000e+00
20011003 5.7695800000e+00 +3.6511100000e+00
20011004 2.0812700000e+00 +2.3043300000e-01
20011005 8.1630900000e+00 +1.2273600000e+00
20011008 1.1352100000e+00 +3.9922600000e-01
20011009 3.0672600000e+00 -1.4006300000e+00
20011010 4.7275000000e+00 +1.0996900000e-01
20011011 4.2190700000e+00 +1.7531400000e+00
20011012 3.8355000000e+00 +1.8232900000e+00
20011015 3.0793600000e+00 +1.1437800000e+00
20011016 2.1209600000e+00 +2.4323400000e-01
20011017 1.7781900000e+00 -2.5638300000e+00
20011018 1.3658900000e+00 -1.7080100000e+00
20011019 2.2813300000e+00 +1.0743400000e+00
20011022 2.0329000000e+00 +2.4157900000e+00
20011023 2.9697600000e+00 +2.8226900000e-01
20011024 9.4142200000e-01 +2.1636300000e+00
20011025 4.0669300000e+00 +2.3054400000e+00
20011026 3.7538200000e+00 +8.3482900000e-01
20011029 2.3865500000e+00 -2.0311700000e+00
20011030 2.2937600000e+00 +3.7016300000e-01
20011031 3.3284400000e+00 -9.5983700000e-01
20011101 2.6770800000e+00 +1.8779700000e+00
20011102 7.1751300000e-01 -2.2681000000e-01
20011105 9.8744400000e-01 +1.2909000000e-01
20011106 3.3711000000e+00 +3.9314300000e+00
20011107 1.2816500000e+00 +3.4037800000e-01
20011108 2.0669000000e+00 -6.4400700000e-02
20011109 1.2409500000e+00 +5.8041600000e-01
20011112 2.6336300000e+00 +1.2650900000e+00
20011113 8.3400700000e-01 +9.5432100000e-01
20011114 2.5287100000e+00 -2.2443600000e+00
20011115 2.7065600000e+00 +2.1699700000e-01
20011116 2.1927800000e+00 -4.1600800000e-01
20011119 7.7849000000e-01 +3.2563600000e-01
20011120 1.7901800000e+00 +9.3925000000e-01
20011121 2.5671600000e+00 -7.4132200000e-01
20011123 5.5256000000e-01 +9.0454500000e-01
20011126 4.2724500000e-01 +4.1235100000e-01
20011127 2.8406400000e+00 -1.8399800000e+00
20011128 9.8087300000e-01 -1.6431400000e+00
20011129 2.8203900000e+00 +1.6652000000e+00
20011130 1.5101000000e+00 +1.0605100000e+00
20011203 2.5281800000e+00 -9.7356800000e-01
20011204 2.0757900000e+00 +2.1681600000e+00
20011205 4.2193000000e+00 +3.9055900000e+00
20011206 6.4049300000e-01 -7.5460500000e-01
20011207 2.0078300000e+00 +2.6479400000e-01
20011210 7.1325800000e-01 -4.5459300000e-01
20011211 1.9260900000e+00 +1.2692500000e+00
20011212 3.4968800000e+00 +1.5756700000e+00
20011213 1.2638400000e+00 -1.5705300000e+00
20011214 1.4545700000e+00 +4.3047600000e-01
20011217 5.6373600000e-01 +5.1033000000e-01
20011218 1.5973800000e+00 +6.6642300000e-01
20011219 1.3907900000e+00 +1.5402800000e+00
20011220 9.1094100000e-01 -1.0548600000e+00
20011221 1.2725000000e+00 -5.6393000000e-01
20011224 1.4221000000e-01 -4.5579400000e-01
20011226 1.6581800000e+00 +4.1259800000e-01
20011227 7.9172900000e-01 +7.3929500000e-01
20011228 3.4747300000e-01 -7.2121600000e-01
20011231 7.0347000000e-01 -1.5300300000e+00
20020102 2.2301900000e+00 +6.2815500000e-01
20020103 2.0148400000e+00 +1.7904600000e+00
20020104 1.2926500000e+00 +1.1915700000e+00
20020107 1.0527300000e+00 -9.5138800000e-01
20020108 6.9510400000e-01 +3.2373100000e-01
20020109 1.4078300000e+00 -2.8106700000e-01
20020110 1.9828300000e+00 -1.6255500000e+00
20020111 6.0730800000e-01 -1.3785000000e+00
20020114 1.6186100000e+00 -1.7752600000e+00
20020115 1.2634700000e+00 +7.1745300000e-01
20020116 9.6596200000e-01 -8.6364700000e-01
20020117 2.3793700000e+00 +1.6425900000e+00
20020118 1.3725600000e+01 -3.9431500000e+00
20020122 2.1522100000e+00 -3.3373500000e+00
20020123 4.2776700000e+00 -2.4575200000e+00
20020124 1.3979300000e+00 +2.2046400000e-01
20020125 1.2766000000e+00 +6.6604800000e-01
20020128 2.5176200000e+00 -1.1081700000e+00
20020129 3.8220900000e+00 -4.9664300000e+00
20020130 8.1750600000e+00 +1.6148500000e+00
20020131 3.8485700000e+00 +1.8774300000e+00
20020201 2.9812700000e+00 -3.8571400000e-02
20020204 1.2590900000e+00 -1.2578800000e+00
20020205 2.4064200000e+00 -6.0184000000e-02
20020206 1.7669400000e+00 +5.1643300000e-02
20020207 2.8119800000e+00 -2.5987100000e+00
20020208 3.5089600000e+00 +1.7109600000e+00
20020211 1.0387600000e+00 +2.3378400000e+00
20020212 1.6234500000e+00 -3.3295300000e-01
20020213 7.5120900000e-01 +1.3063400000e+00
20020214 2.1849900000e+00 -7.7592000000e-01
20020215 2.1789400000e+01 -4.0048000000e+00
20020219 1.5452100000e+00 -2.3120100000e+00
20020220 5.8124100000e+00 -1.5080900000e-01
20020221 2.8485200000e+00 -2.6481200000e+00
20020222 3.6573000000e+00 +2.1250100000e+00
20020225 3.2159700000e+00 -1.5247200000e-01
20020226 3.5709800000e+00 -1.5231200000e+00
20020227 6.5433100000e+00 +2.9869700000e-01
20020228 3.1953900000e+00 +9.2590500000e-03
20020301 4.6901800000e+00 +4.6422300000e+00
20020304 4.2491300000e+00 +2.8170000000e+00
20020305 9.4645700000e-01 +5.4950400000e-01
20020306 2.7531700000e+00 +8.4289800000e-01
20020307 2.8607700000e+00 -3.1379200000e+00
20020308 3.8955500000e+00 +3.9135200000e-01
20020311 2.3142600000e+00 +3.7033400000e-01
20020312 2.1816400000e+00 +2.1587200000e+00
20020313 9.3438100000e-01 -1.2492000000e+00
20020314 5.3355600000e-01 -3.5898000000e-01
20020315 8.1182100000e-01 +1.8370300000e-01
20020318 2.6286000000e+00 -4.9730400000e-01
20020319 7.7053700000e-01 +5.7698600000e-01
20020320 8.8831000000e-01 -1.4680400000e+00
20020321 2.2940900000e+00 +8.9190400000e-01
20020322 1.7805300000e+00 -1.0120300000e+00
20020325 1.9815200000e+00 -1.9224600000e+00
20020326 3.0383400000e+00 -7.8989900000e-01
20020327 8.6358700000e-01 -5.4303800000e-02
20020328 1.5129900000e+00 +5.3594600000e-01
20020401 1.3122300000e+00 -1.2968300000e+00
20020402 1.4970400000e+00 -1.1619200000e+00
20020403 1.5177300000e+00 -1.4706100000e+00
20020404 1.4260200000e+00 +8.8641500000e-01
20020405 4.0395600000e+00 -3.0201600000e+00
20020408 4.2392800000e+01 -5.8974500000e+00
20020409 1.1037300000e+00 -4.3477800000e-01
20020410 5.2021900000e+00 +1.1746700000e+00
20020411 1.5010100000e+01 -5.1245600000e+00
20020412 9.3622600000e+00 +1.3084900000e+00
20020415 2.7079800000e+00 -8.5754600000e-01
20020416 6.2894500000e-01 +3.3433200000e-01
20020417 2.7002900000e+00 -2.1291600000e+00
20020418 2.2601200000e+01 +5.1042500000e+00
20020419 1.6240600000e+00 -7.7848600000e-01
20020422 1.7556500000e+00 -1.1942800000e+00
20020423 2.4992600000e+00 -9.7593700000e-01
20020424 1.6468600000e+00 -1.5082300000e+00
20020425 2.9622500000e+00 +5.9636200000e-01
20020426 1.0496600000e+00 -2.1622600000e+00
20020429 8.2989100000e-01 -9.6080100000e-01
20020430 1.5523900000e+00 -1.0345000000e-01
20020501 5.5207500000e+00 +4.2989200000e-01
20020502 1.5763600000e+00 +1.0740100000e-02
20020503 2.4951000000e+00 -2.0063100000e+00
20020506 5.9657800000e+00 -5.5152700000e+00
20020507 2.3154400000e+00 -3.9385500000e-01
20020508 1.3795600000e+01 +7.0680400000e+00
20020509 7.2362400000e+00 -2.9668700000e+00
20020510 9.7864700000e-01 -4.1897200000e-01
20020513 2.1834200000e+00 +2.5839000000e+00
20020514 3.8309700000e+00 +3.6484400000e+00
20020515 4.3433100000e+00 -1.0915400000e+00
20020516 1.1748500000e+00 +1.5252300000e+00
20020517 5.8646600000e-01 -4.8491300000e-01
20020520 1.3087600000e+00 -1.4312400000e+00
20020521 8.5296400000e-01 -1.1622300000e+00
20020522 1.6930100000e+00 +6.6718200000e-01
20020523 2.0140900000e+00 +4.1594000000e-02
20020524 1.7890000000e+00 -1.1033700000e+00
20020528 1.0126800000e+00 -9.4223200000e-01
20020529 7.4962400000e-01 -1.2154400000e-01
20020530 4.7363500000e+00 +1.0514700000e+00
20020531 3.4699300000e+00 -2.0140100000e+00
20020603 3.5422700000e+00 -3.0625200000e+00
20020604 3.2657900000e+00 +1.4489300000e+00
20020605 1.5945800000e+00 +1.3884600000e+00
20020606 1.1180200000e+00 -1.1110500000e+00
20020607 7.1096700000e+00 -6.9534300000e-01
20020610 2.4811700000e+00 -1.6903500000e+00
20020611 3.4912100000e+00 -2.6120800000e+00
20020612 8.5469100000e+00 -8.4330700000e-01
20020613 1.0206200000e+01 +7.6474400000e-01
20020614 6.9503400000e+00 +1.7315400000e+00
20020617 3.3606900000e+00 +1.2086800000e+00
20020618 1.7593800000e+00 -3.0620600000e-01
20020619 1.2516100000e+00 -1.9492800000e+00
20020620 4.3886900000e+00 -2.9659400000e+00
20020621 3.1926900000e+00 -2.0381600000e+00
20020624 1.4472800000e+01 +2.0425900000e+00
20020625 5.6111800000e+00 -1.7693100000e+00
20020626 1.4644700000e+01 +4.0160000000e+00
20020627 1.0507400000e+01 +1.6495800000e+00
20020628 5.6810600000e+00 +4.1560100000e-01
20020701 7.2544500000e+00 -6.3803600000e+00
20020702 5.0209000000e+00 +1.4690100000e+00
20020703 9.3477300000e+00 +3.2404600000e+00
20020705 2.9438200000e+00 +1.9103100000e+00
20020708 5.6341700000e+00 -2.5781800000e+00
20020709 8.2125800000e+00 -2.5802000000e+00
20020710 5.2648200000e+00 -1.8767400000e+00
20020711 5.1619300000e+00 +1.6630900000e+00
20020712 8.7258600000e+00 -7.3059500000e-01
20020715 1.2507700000e+01 +2.4197000000e+00
20020716 9.7967700000e+00 -7.2658500000e-01
20020717 4.3810000000e+00 +2.4116400000e-01
20020718 7.4685100000e+00 +2.1474300000e+00
20020719 4.9548200000e+00 -9.4597400000e-01
20020722 1.6633700000e+01 -3.9102600000e+00
20020723 1.4581700000e+01 -1.8903200000e+00
20020724 6.3459500000e+00 +4.7051700000e+00
20020725 9.1856700000e+00 +4.9869700000e-02
20020726 6.5164100000e+00 -4.0377900000e+00
20020729 1.5910500000e+01 +6.8015300000e+00
20020730 5.2887400000e+00 +1.6958500000e+00
20020731 4.4127900000e+00 -1.0492800000e+00
20020801 3.8046200000e+00 -3.5862800000e+00
20020802 1.4960800000e+00 -4.8196700000e-01
20020805 2.2845600000e+00 -2.9273300000e+00
20020806 6.7339000000e+00 +2.1075400000e+00
20020807 6.9930200000e+00 +1.4049900000e+00
20020808 4.7120700000e+00 +3.5963100000e+00
20020809 6.4637300000e+00 +9.9400300000e-01
20020812 2.2254200000e+00 +4.2478700000e-01
20020813 6.7273600000e+00 -4.1104500000e-01
20020814 6.1836400000e+00 +4.1026200000e+00
20020815 2.9673200000e+00 +1.6663800000e+00
20020816 2.8153000000e+00 +3.7081700000e+00
20020819 3.7837800000e+00 +3.8808600000e+00
20020820 5.6249000000e+00 -1.4267600000e+00
20020821 6.1491200000e+00 -9.9972800000e-01
20020822 3.0909200000e+00 +1.2743200000e+00
20020823 1.9145500000e+00 -1.7247900000e+00
20020826 4.1835800000e+00 -1.0754100000e+00
20020827 5.2750100000e+00 -2.6249000000e+00
20020828 9.5008900000e-01 -1.1926300000e+00
20020829 2.6456400000e+00 +9.4602600000e-01
20020830 2.1889600000e+00 -8.2376500000e-01
20020903 3.2865600000e+00 -3.5533800000e+00
20020904 3.4250500000e+00 +1.7944500000e+00
20020905 2.3276200000e+00 -1.2678200000e+00
20020906 1.2526700000e+00 -2.2375400000e-01
20020909 3.2660100000e+00 +2.0530500000e+00
20020910 3.6378500000e+00 +1.3161300000e+00
20020911 3.1057300000e+00 -3.3588200000e+00
20020912 3.9603100000e+00 -3.1622600000e+00
20020913 2.2547400000e+00 +1.0780200000e+00
20020916 1.4736500000e+00 -2.9782200000e-01
20020917 1.7527000000e+00 -1.3919600000e+00
20020918 4.4230400000e+00 -1.9919900000e+00
20020919 4.2140600000e+00 -9.9537600000e-01
20020920 2.5037000000e+00 -2.1481900000e+00
20020923 2.5909600000e+00 -4.8765400000e-01
20020924 1.9444700000e+01 -4.1225600000e+00
20020925 5.1256400000e+00 +3.9124100000e+00
20020926 7.9279500000e+00 -2.6302000000e+00
20020927 7.7898500000e+00 -2.4228600000e+00
20020930 1.0841900000e+01 -2.8679400000e+00
20021001 4.8803500000e+00 +4.1877300000e+00
20021002 7.3642700000e+00 -2.5347200000e+00
20021003 1.0391100000e+01 -3.2324800000e-02
20021004 1.5026700000e+01 -5.3264200000e+00
20021007 8.4015800000e+00 +6.1647600000e-01
20021008 2.4314100000e+01 -5.7385300000e-01
20021009 4.6733900000e+00 -2.2265800000e+00
20021010 1.4986600000e+01 +5.2200000000e+00
20021011 5.2818100000e+01 +8.9234300000e+00
20021014 3.6107800000e+00 +5.0101200000e-01
20021015 2.1812800000e+01 +6.8050400000e+00
20021016 7.9742300000e+00 -3.7276600000e+00
20021017 9.6765800000e+01 +1.0558700000e+01
20021018 7.1800100000e+00 +3.0244200000e+00
20021021 3.4435600000e+00 +1.9690400000e+00
20021022 4.0498400000e+00 -4.5377100000e-01
20021023 7.0791500000e+00 +2.7459600000e-01
20021024 5.4042300000e+00 -3.8005300000e+00
20021025 1.5668000000e+00 +2.8888000000e+00
20021028 4.7930600000e+00 +2.0744000000e+00
20021029 7.0877900000e+00 +3.1299600000e-01
20021030 5.1023400000e+00 +2.0584000000e+00
20021031 2.3736400000e+00 +3.4843300000e-01
20021101 1.5617400000e+00 +1.8011900000e+00
20021104 2.0150700000e+00 +1.1200000000e+00
20021105 1.9175400000e+00 -6.0876000000e-01
20021106 3.0129000000e+00 +5.3458600000e-01
20021107 4.9937700000e+00 -2.4387400000e+00
20021108 1.6447500000e+00 -1.6167100000e+00
20021111 2.9290700000e+00 -3.4858500000e-01
20021112 3.4261200000e+00 +2.0191300000e+00
20021113 4.9489000000e+00 -1.1025300000e-01
20021114 6.9438900000e-01 +1.1275700000e+00
20021115 1.4846400000e+00 -4.8997100000e-01
20021118 2.0569900000e+00 -1.3173900000e+00
20021119 3.8464100000e+00 -4.3297300000e-01
20021120 3.6724900000e+00 +4.1879900000e+00
20021121 3.3825100000e+00 +3.4725400000e+00
20021122 9.7535200000e-01 -2.4053200000e-02
20021125 2.9256300000e+00 +1.8918200000e+00
20021126 2.1769400000e+00 -9.1223400000e-01
20021127 4.0508900000e+00 +2.6335100000e+00
20021129 9.1178000000e-01 -6.9062300000e-01
20021202 4.8801700000e+00 -8.3926000000e-01
20021203 1.5863500000e+00 -2.1356900000e+00
20021204 4.1002800000e+00 -2.8875900000e-01
20021205 2.2881200000e+00 -1.7278100000e+00
20021206 1.6352300000e+00 +5.5179300000e-01
20021209 1.7385200000e+00 -2.2358900000e+00
20021210 1.6513400000e+00 +1.4106900000e+00
20021211 3.0548000000e+00 +8.0123000000e-01
20021212 2.2890400000e+00 -1.4606200000e+00
20021213 3.7763800000e+00 -9.1912600000e-01
20021216 2.1836400000e+00 +2.0880500000e+00
20021217 1.5757700000e+00 -1.1663700000e+00
20021218 2.4400300000e+00 -8.0258400000e-01
20021219 5.6017100000e+00 +1.1877700000e-01
20021220 7.4007200000e-01 +5.8384900000e-01
20021223 2.1405000000e+00 +8.5062600000e-01
20021224 7.3331400000e-01 -5.7816400000e-01
20021226 3.3702200000e+00 -1.3947800000e+00
20021227 1.7873500000e+00 -1.5146000000e+00
20021230 5.1990800000e+00 -1.3062900000e+00
20021231 2.1642200000e+00 +3.6006900000e-02
20030102 3.6968200000e+00 +2.2089200000e+00
20030103 7.4833600000e-01 +1.1636600000e+00
20030106 2.6590300000e+00 +2.2614500000e+00
20030107 2.1866200000e+00 +2.5389600000e+00
20030108 1.0790300000e+00 -1.9760600000e+00
20030109 2.9180800000e+00 +3.0678200000e+00
20030110 3.1915400000e+00 +1.3654200000e+00
20030113 1.9425200000e+00 -6.1365900000e-01
20030114 1.3635600000e+00 +1.1362500000e+00
20030115 1.2506700000e+00 -1.2034300000e+00
20030116 9.8101700000e-01 -1.4866900000e+00
20030117 9.2102100000e+00 -4.7266100000e+00
20030121 6.7930500000e-01 -8.5233300000e-01
20030122 9.1286400000e-01 -1.0508900000e+00
20030123 1.5634900000e+00 +1.5001000000e+00
20030124 2.1412400000e+00 -2.3909500000e+00
20030127 1.6828500000e+00 -2.9059800000e-01
20030128 2.8198500000e+00 +2.0794200000e+00
20030129 4.0103300000e+00 +6.7029200000e-01
20030130 1.0809400000e+00 -2.4919100000e+00
20030131 3.5829000000e+00 +2.8380300000e-01
20030203 1.3295400000e+00 -5.8058100000e-02
20030204 2.2510100000e+00 -9.5983700000e-01
20030205 2.9727800000e+00 -3.3158900000e-01
20030206 3.4438600000e+00 +5.2634000000e-01
20030207 1.0461300000e+00 -9.5580700000e-01
20030210 1.9592400000e+00 +1.0579400000e+00
20030211 1.7977300000e+00 -9.7187100000e-01
20030212 1.7400100000e+00 -1.1976800000e+00
20030213 4.4586700000e+00 -6.8240800000e-01
20030214 1.8680600000e+00 +1.7124800000e+00
20030218 2.8844800000e+00 +2.1411200000e+00
20030219 5.8778800000e-01 +3.0225400000e-01
20030220 8.5082000000e-01 -7.2312300000e-01
20030221 1.8326500000e+00 +7.6518200000e-01
20030224 1.2314200000e+00 -1.5588300000e+00
20030225 4.3142600000e+00 +9.8067900000e-01
20030226 2.1330800000e+00 -1.7524600000e+00
20030227 2.6100500000e+00 -4.8088100000e-01
20030228 5.2877900000e-01 +1.9960200000e-01
20030303 2.3109100000e+00 -9.6164000000e-01
20030304 2.1136200000e+00 -1.0939400000e+00
20030305 2.7812100000e+00 +1.1408000000e+00
20030306 2.3421100000e+00 -3.5822100000e-01
20030307 2.0046300000e+00 +1.6281000000e+00
20030310 1.9721400000e+00 -2.4753000000e+00
20030311 1.6396800000e+00 -9.4903500000e-01
20030312 5.4564000000e+00 -2.0736300000e-01
20030313 2.7034600000e+00 +3.6753900000e+00
20030314 2.5510700000e+00 +7.6191600000e-01
20030317 4.9996000000e+00 +4.8244600000e+00
20030318 2.7648600000e+00 +2.4846200000e-01
20030319 1.3751300000e+00 -1.5265900000e-02
20030320 3.0169700000e+00 +6.9371800000e-01
20030321 1.1177900000e+00 +1.2692200000e+00
20030324 4.8731100000e-01 -6.4783100000e-01
20030325 2.3672500000e+00 +1.5730200000e+00
20030326 1.7077200000e+00 -2.0531800000e+00
20030327 1.3389800000e+00 +4.5382800000e-01
20030328 1.0987700000e+00 -6.0401000000e-01
20030331 3.0650500000e+00 -2.2404700000e+00
20030401 2.2614000000e+00 +3.5772700000e-01
20030402 3.1428400000e+00 +1.7825100000e+00
20030403 1.6646200000e+00 -4.2933900000e-02
20030404 3.5651200000e+00 -1.7625800000e+00
20030407 2.0760700000e+00 -2.3794000000e+00
20030408 4.1528900000e+00 -6.8266100000e-01
20030409 2.2859200000e+00 -1.5905600000e+00
20030410 7.9135700000e-01 +1.2769200000e-01
20030411 1.4906100000e+00 -1.0359600000e+00
20030414 1.3226700000e+00 +1.7823000000e+00
20030415 3.9428000000e+00 +3.2922800000e+00
20030416 2.0616900000e+00 +8.1395500000e-02
20030417 1.2800500000e+00 +1.6394800000e+00
20030421 1.2429500000e+00 -1.0738700000e+00
20030422 2.2997800000e+00 +2.9618300000e+00
20030423 1.0249000000e+00 +6.0710300000e-02
20030424 1.1252200000e+00 -1.3147400000e-01
20030425 1.6681400000e+00 -1.4987200000e+00
20030428 1.4414500000e+00 +1.3627600000e+00
20030429 2.2191000000e+00 +4.7650600000e-01
20030430 7.6126400000e-01 -8.7757200000e-01
20030501 1.4587300000e+00 +1.0633900000e+00
20030502 1.6222600000e+00 +2.4917700000e+00
20030505 1.4284000000e+00 -8.6870500000e-01
20030506 1.4798200000e+00 +1.3754500000e+00
20030507 1.1162100000e+00 -5.6121100000e-01
20030508 6.1059400000e-01 -5.1684500000e-01
20030509 6.7909200000e-01 +1.0203500000e+00
20030512 9.4164300000e-01 +1.5751900000e+00
20030513 7.9220600000e-01 +1.1806700000e+00
20030514 1.9521700000e+00 -1.3263700000e+00
20030515 1.2624900000e+00 +7.7666100000e-01
20030516 5.1205200000e-01 -7.6702500000e-01
20030519 2.1147600000e+00 -2.6959600000e+00
20030520 1.5805800000e+00 -6.7187200000e-01
20030521 1.7193300000e+00 +4.7688700000e-01
20030522 1.7069800000e+00 -8.3558500000e-02
20030523 4.8797500000e-01 -7.5928900000e-01
20030527 3.4726700000e+00 +3.0319800000e+00
20030528 1.3845300000e+00 -4.7881200000e-03
20030529 1.7194600000e+00 -2.4506500000e-01
20030530 1.0308800000e+00 +7.2549500000e-01
20030602 1.5594800000e+00 -1.1159700000e+00
20030603 2.3474900000e+00 -1.5775000000e+00
20030604 1.5884100000e+00 +4.6577900000e-01
20030605 1.5012100000e+00 -2.8752100000e+00
20030606 3.0307500000e+00 -2.6125500000e+00
20030609 4.0369700000e+00 +2.3362600000e+00
20030610 6.9046400000e-01 -8.7921900000e-01
20030611 6.8383900000e-01 +1.8862400000e+00
20030612 8.4585700000e-01 -3.9685300000e-01
20030613 9.8684100000e-01 -1.4622200000e+00
20030616 1.5868400000e+00 +2.0233800000e+00
20030617 1.0061400000e+00 -5.8356200000e-01
20030618 1.5390400000e+00 +6.2611900000e-01
20030619 4.4788700000e-01 -1.8262000000e-01
20030620 2.2687000000e-01 -4.1974200000e-02
20030623 1.0714700000e+00 -1.9659200000e+00
20030624 1.6243200000e+00 +7.4142300000e-01
20030625 1.0352800000e+00 -1.3504000000e+00
20030626 5.4525400000e-01 +1.0419000000e+00
20030627 5.4513100000e-01 -9.2448100000e-01
20030630 1.0146100000e+00 -1.3680700000e+00
20030701 1.1673200000e+00 +1.3079900000e+00
20030702 9.8387000000e-01 +1.1898700000e+00
20030703 5.6188200000e-01 -7.8395100000e-01
20030707 1.2833900000e+00 +1.7086800000e+00
20030708 1.8972300000e+00 +1.7408700000e-01
20030709 1.4695700000e+00 -8.8784600000e-01
20030710 1.7375200000e+00 -1.4252200000e+00
20030711 1.2496500000e+00 +8.9966700000e-01
20030714 1.2321900000e+00 -2.6786600000e-02
20030715 1.2890600000e+00 +6.6683500000e-01
20030716 1.5078400000e+00 +2.4420200000e-01
20030717 1.2874500000e+01 -3.6998500000e+00
20030718 8.1507900000e-01 -7.0963100000e-02
20030721 1.2243900000e+00 -1.2376300000e+00
20030722 9.0579100000e-01 -6.8110000000e-01
20030723 6.5041500000e-01 +4.9821000000e-01
20030724 1.2411900000e+00 -1.3060700000e+00
20030725 1.7032600000e+00 +2.4025800000e+00
20030728 9.8047500000e-01 -1.4567200000e+00
20030729 6.5344400000e-01 -8.2035200000e-01
20030730 8.2162500000e-01 -1.3267100000e+00
20030731 3.2419400000e+00 +1.2817900000e-01
20030801 1.6722500000e+00 -9.1301300000e-02
20030804 1.7212000000e+00 -1.1686200000e-01
20030805 7.9737300000e-01 -1.6028200000e+00
20030806 1.5778500000e+00 -1.1701100000e-02
20030807 8.2333400000e-01 +1.0869500000e+00
20030808 8.0063400000e-01 +5.0956700000e-04
20030811 1.2109300000e+00 +1.6725000000e-01
20030812 9.5026400000e-01 +2.1335900000e-01
20030813 1.1824400000e+00 -5.5646000000e-01
20030814 5.7106200000e-01 +5.7583500000e-01
20030815 4.9323600000e-01 -4.1646400000e-02
20030818 1.2494800000e+00 +1.9975600000e+00
20030819 1.3820800000e+00 -4.6373100000e-01
20030820 2.4578200000e-01 +1.4661600000e-01
20030821 1.1114400000e+00 -1.9031500000e-01
20030822 1.7226700000e+00 -6.2064200000e-01
20030825 6.4546900000e-01 -1.1466500000e+00
20030826 6.5750900000e-01 +7.8501100000e-01
20030827 1.8296000000e-01 -4.0953400000e-01
20030828 9.2036600000e-01 -8.5402300000e-02
20030829 1.0475600000e-01 +8.1612600000e-02
20030902 4.4330600000e+00 +4.3512200000e+00
20030903 1.3752600000e+00 +3.4115700000e-01
20030904 1.8948800000e+00 +1.8022600000e+00
20030905 8.4641700000e-01 -9.4909000000e-01
20030908 6.2736000000e+00 +2.4394900000e+00
20030909 8.0131100000e-01 +2.6591900000e-01
20030910 6.9190300000e-01 -1.5787600000e+00
20030911 7.3258600000e-01 +1.0714800000e+00
20030912 1.0049600000e+00 +9.9027500000e-01
20030915 4.8384700000e-01 -9.4487200000e-01
20030916 1.4340200000e+00 +1.8267900000e+00
20030917 1.3265600000e+00 +3.0280500000e-01
20030918 1.2593800000e+00 +1.5655300000e+00
20030919 7.8419800000e-01 +8.9759300000e-01
20030922 2.4199800000e+00 -1.6475200000e+00
20030923 1.3451400000e+00 -1.7292100000e-01
20030924 8.1206400000e-01 -2.0393100000e+00
20030925 2.6161100000e+00 -1.1189700000e-02
20030926 1.0169600000e+00 -2.8000200000e-01
20030929 1.0944900000e+00 +4.4106400000e-01
20030930 1.5438900000e+00 -1.1823800000e+00
20031001 1.5634000000e+00 +2.0592300000e+00
20031002 9.7405600000e-01 -1.0648900000e-01
20031003 1.6572200000e+00 -2.0189800000e-02
20031006 4.7346300000e-01 +4.9365100000e-01
20031007 4.0260800000e-01 +9.0032500000e-01
20031008 6.3363700000e-01 +7.4116800000e-01
20031009 8.2398600000e-01 -7.8857300000e-01
20031010 5.3007300000e-01 +3.4666600000e-01
20031013 7.8772700000e-01 +3.0247600000e-01
20031014 2.5867100000e-01 +1.7915400000e-02
20031015 1.0265600000e+00 -1.0318000000e+00
20031016 7.0928100000e+00 -2.4475000000e+00
20031017 1.3145000000e-01 -4.4814000000e-02
20031020 1.4072400000e-01 -2.9642100000e-01
20031021 1.1357600000e-01 -2.8621100000e-01
20031022 1.6340500000e-01 -3.3157900000e-02
20031023 2.9468600000e-01 +4.2740200000e-01
20031024 4.4450000000e-01 +3.9588000000e-01
20031027 2.0475900000e-01 -7.3224000000e-02
20031028 8.4321200000e-01 +1.3877200000e+00
20031029 1.4535700000e-01 -4.7294500000e-01
20031030 5.0353000000e-01 -3.5777000000e-01
20031031 7.5927900000e-01 +3.8188900000e-02
20031103 1.5765700000e+00 +1.5144300000e-01
20031104 6.6003700000e-01 -6.7129100000e-01
20031105 4.0626900000e-01 -2.7219500000e-01
20031106 9.3563900000e-01 +9.8444900000e-01
20031107 7.9473800000e-01 -1.1847200000e+00
20031110 1.6725100000e+00 +8.0226900000e-01
20031111 6.8884700000e-01 -7.4396000000e-01
20031112 1.1906000000e+00 +1.4108800000e+00
20031113 4.9695400000e-01 +6.8762300000e-01
20031114 3.7406100000e-01 -8.8225800000e-01
20031117 5.7494100000e-01 -4.1122200000e-01
20031118 4.0692600000e-01 -1.0834600000e+00
20031119 9.5499200000e-01 +1.0652000000e+00
20031120 9.4781200000e-01 -9.9673900000e-01
20031121 5.5206200000e-01 +2.6151300000e-01
20031124 6.8695400000e-01 +1.0955000000e+00
20031125 3.4250200000e-01 -2.2332000000e-01
20031126 9.2629100000e-01 +3.1513200000e-01
20031128 3.5190900000e-01 +7.0164800000e-01
20031201 4.7610500000e-01 +4.0069600000e-01
20031202 6.3723100000e-01 -1.7099200000e-01
20031203 8.7282500000e-01 -5.4541400000e-01
20031204 6.1518400000e-01 +1.4178200000e+00
20031205 5.9321900000e-01 -7.4090700000e-01
20031208 4.4643100000e-01 +7.4601500000e-01
20031209 1.1393500000e+00 -5.9492400000e-01
20031210 1.8290500000e+00 +1.1729400000e+00
20031211 8.7918900000e-01 +6.8102600000e-01
20031212 3.6488900000e-01 +2.4274600000e-01
20031215 9.8507200000e-01 -1.0523400000e+00
20031216 1.1085300000e+00 +1.9992100000e+00
20031217 3.6680600000e-01 -5.9032100000e-01
20031218 3.8004100000e-01 -5.3681000000e-01
20031219 2.3305900000e-01 -1.2433300000e-01
20031222 2.2340600000e-01 +3.1431100000e-01
20031223 2.6184700000e-01 -4.9949800000e-01
20031224 2.5828700000e-01 -5.6767500000e-01
20031226 2.3211400000e-01 +6.3395600000e-01
20031229 3.6965500000e-01 +6.8313100000e-01
20031230 2.1173600000e-01 -8.7158200000e-01
20031231 4.0170500000e-01 -2.1731500000e-01
20040102 8.6539700000e-01 -1.4489700000e+00
20040105 8.6446600000e-01 +1.2558100000e+00
20040106 2.8974200000e-01 +3.6205100000e-01
20040107 4.4941800000e-01 -4.3815300000e-01
20040108 7.1222700000e-01 -1.6299700000e-02
20040109 4.3701100000e-01 -1.1611100000e+00
20040112 5.9787400000e-01 +4.5941700000e-01
20040113 1.7444200000e+00 -1.9425100000e+00
20040114 3.5998800000e-01 +4.5827200000e-01
20040115 2.2280400000e+01 +3.8424500000e+00
20040116 1.3948400000e-01 +5.8526300000e-01
20040120 6.5415000000e-01 +1.6244500000e+00
20040121 5.0046100000e-01 +6.3968400000e-01
20040122 7.2273900000e-01 -2.5706500000e-01
20040123 7.5357000000e-01 +3.9457800000e-01
20040126 7.2765400000e-01 +1.9321800000e+00
20040127 2.6874100000e-01 -9.6395800000e-01
20040128 9.7384100000e-01 -1.5701700000e+00
20040129 1.6973900000e+00 +5.3868200000e-01
20040130 6.9310600000e-01 +1.2405200000e+00
20040202 8.8899600000e-01 +1.8832100000e-01
20040203 1.3959400000e-01 +7.6576400000e-01
20040204 6.5435400000e-01 +5.5933000000e-01
20040205 9.1066100000e-01 -1.2277400000e+00
20040206 6.4741800000e-01 +5.7115100000e-02
20040209 3.2756500000e-01 -6.0698900000e-01
20040210 8.9779900000e-01 +9.7036300000e-01
20040211 4.9401900000e-01 +5.5519300000e-01
20040212 3.3823200000e-01 -6.8191300000e-01
20040213 1.1044900000e+00 +5.2428000000e-01
20040217 2.7820700000e-01 -4.1147500000e-01
20040218 8.4498400000e-01 -8.0461500000e-01
20040219 1.0110600000e+00 -6.1540400000e-01
20040220 4.6518900000e-01 -6.2633600000e-01
20040223 9.4174600000e-01 -1.3931100000e+00
20040224 1.5692600000e+00 +1.2636900000e+00
20040225 1.4425900000e-01 -9.2029600000e-02
20040226 1.5683600000e-01 +4.0191400000e-01
20040227 6.7616100000e-01 -3.0388400000e-01
20040301 4.5369500000e-01 +5.7863200000e-01
20040302 1.0064000000e-01 -2.7035800000e-01
20040303 8.0221200000e-01 +9.4902200000e-02
20040304 2.5188300000e-01 -3.3880600000e-01
20040305 1.1150900000e+00 +2.9264800000e-01
20040308 7.8552400000e-01 -1.9596900000e+00
20040309 1.3616400000e+00 +1.2975400000e-01
20040310 1.1437600000e+00 -1.5189300000e+00
20040311 1.1499100000e+00 -1.2173100000e+00
20040312 1.2008700000e+00 +1.7271800000e+00
20040315 2.3389400000e+00 -1.4501100000e+00
20040316 1.0395500000e+00 +5.0357600000e-01
20040317 5.1593100000e-01 +9.4485600000e-01
20040318 1.6840600000e+00 -3.5911400000e-01
20040319 1.4382700000e+00 -1.2016800000e+00
20040322 1.3620000000e+00 -6.3088800000e-01
20040323 9.8857900000e-01 -1.6061800000e-02
20040324 9.1044900000e-01 +3.5550600000e-01
20040325 6.5450200000e-01 +5.7232500000e-01
20040326 3.4069200000e-01 +4.4279400000e-01
20040329 5.2130300000e-01 -2.2171000000e-01
20040330 5.5063100000e-01 -4.2773700000e-01
20040331 4.8822700000e-01 -4.4028100000e-01
20040401 6.2636200000e-01 +6.8807500000e-01
20040402 1.4862400000e+00 +1.1282200000e+00
20040405 1.8808600000e-01 +9.5392700000e-02
20040406 4.0108300000e-01 -2.6472400000e-01
20040407 4.1176200000e-01 -3.1680000000e-01
20040408 1.3038000000e+00 -3.1387000000e-01
20040412 4.0906400000e-01 +5.2485000000e-01
20040413 4.7536100000e-01 -8.7332600000e-01
20040414 1.2829700000e+00 +1.8434500000e+00
20040415 4.4705200000e-01 +2.5817500000e-01
20040416 3.7226200000e+00 -5.6253200000e-01
20040419 7.3091300000e-02 -1.9672600000e-01
20040420 8.5902800000e-01 -1.3132900000e+00
20040421 2.8214500000e-01 +4.3063600000e-01
20040422 1.5112400000e+00 -1.5299100000e-02
20040423 5.2939600000e-01 +5.0684000000e-01
20040426 7.3838000000e-01 -6.5850200000e-01
20040427 1.5051200000e+00 +6.6279800000e-01
20040428 7.8945900000e-01 -3.4105700000e-01
20040429 2.4866600000e+00 -1.1919700000e+00
20040430 1.3722400000e+00 -1.0005700000e+00
20040503 1.4862100000e+00 -2.3118200000e-01
20040504 3.2078100000e+00 +1.0398000000e+00
20040505 7.5632100000e-01 -8.2287100000e-01
20040506 6.0212200000e-01 -5.2004500000e-01
20040507 2.2850300000e+00 +2.0527200000e-01
20040510 8.2523100000e-01 -1.0163900000e+00
20040511 7.1036800000e-01 +1.4053200000e-01
20040512 2.0100700000e+00 -4.9956400000e-01
20040513 7.4512400000e-01 +4.0612300000e-01
20040514 9.5828200000e-01 -5.3248700000e-01
20040517 5.5332100000e-01 -4.0124800000e-01
20040518 3.7634700000e-01 +3.2934600000e-01
20040519 2.6033700000e+00 -1.9443700000e-01
20040520 7.3014500000e-01 +3.2883000000e-01
20040521 7.0834900000e-01 -4.1075700000e-01
20040524 6.5512300000e-01 -4.1134200000e-01
20040525 1.1395400000e+00 +1.9417800000e+00
20040526 4.5659000000e-01 -2.4124400000e-01
20040527 9.1734800000e-01 +2.1583800000e-02
20040528 3.0059200000e-02 +4.8736600000e-02
20040601 7.5187700000e-01 -3.9264200000e-01
20040602 1.6496600000e-01 -3.1213500000e-01
20040603 2.0344300000e-01 -5.4011800000e-01
20040604 3.8933400000e-01 -2.1382700000e-01
20040607 4.3104800000e-01 +9.4849200000e-01
20040608 1.7205100000e+00 +1.4003500000e+00
20040609 2.7570100000e-01 +1.5412900000e-01
20040610 6.4740500000e-01 +3.4512800000e-01
20040614 3.4001600000e-01 -1.5755400000e-01
20040615 5.8586400000e-01 +2.9953000000e-01
20040616 4.1798200000e-01 -3.7608600000e-02
20040617 3.3737000000e-01 -3.8832100000e-02
20040618 2.7072500000e-01 -2.0405900000e-01
20040621 2.4282200000e-01 -6.0205900000e-01
20040622 8.6026400000e-01 +7.5495500000e-01
20040623 4.2952500000e-01 +8.7068800000e-01
20040624 2.9324900000e-01 -6.4402500000e-01
20040625 4.5057900000e-01 -6.0088300000e-01
20040628 5.1816100000e-01 -9.5956100000e-01
20040629 3.0860000000e-01 -2.8647800000e-01
20040630 5.2836900000e-01 -1.1106200000e-01
20040701 7.3463100000e-01 -8.4301800000e-01
20040702 7.4249400000e-01 -5.2776100000e-01
20040706 1.0651700000e+00 -1.1682600000e+00
20040707 2.7959600000e-01 -1.4702500000e-01
20040708 1.5171700000e+00 -1.8370400000e+00
20040709 1.5684200000e+00 -3.4924000000e-01
20040712 6.4979100000e-01 +1.1696100000e+00
20040713 6.0205600000e-01 -2.0102700000e-01
20040714 1.0269300000e+00 -1.1672500000e+00
20040715 3.6548600000e-01 -5.9443600000e-02
20040716 7.3175800000e+00 +4.1991000000e-01
20040719 1.1211700000e+00 +1.0498200000e+00
20040720 5.2231300000e-01 +8.8308300000e-01
20040721 6.7521400000e-01 -1.4204900000e+00
20040722 1.3174300000e+00 +1.2020900000e+00
20040723 7.8031900000e-01 -1.2997100000e+00
20040726 1.2131400000e+00 +3.8817000000e-01
20040727 7.6109400000e-01 +5.0507800000e-01
20040728 1.2103700000e+00 +5.8207300000e-02
20040729 7.1507000000e-01 +8.7443300000e-01
20040730 6.2831800000e-01 +4.8944200000e-01
20040802 4.4207600000e-01 -3.1450400000e-01
20040803 5.0461100000e-01 -1.2107100000e+00
20040804 6.5870400000e-01 +6.3348200000e-01
20040805 6.8210800000e-01 -9.5839800000e-01
20040806 1.1748900000e+00 -1.6104800000e+00
20040809 6.2706200000e-01 +1.2019100000e-01
20040810 1.0945600000e+00 +1.3645900000e+00
20040811 1.2975500000e+00 -5.7822000000e-01
20040812 1.4267200000e+00 -1.3300100000e+00
20040813 1.1692700000e+00 +1.8621000000e+00
20040816 5.3375300000e-01 +2.7402100000e-01
20040817 3.5162300000e-01 -8.8678700000e-03
20040818 5.0173600000e-01 +1.6176800000e+00
20040819 3.9450400000e-01 -4.6078900000e-02
20040820 2.9068600000e-01 +6.9297000000e-01
20040823 2.1667200000e-01 -5.7016200000e-01
20040824 3.9415900000e-01 -2.9344700000e-01
20040825 3.9114500000e-01 +2.2026600000e-01
20040826 1.9461600000e-01 -3.9488700000e-01
20040827 1.6066700000e-01 +3.0896700000e-01
20040830 2.0993800000e-01 -4.9000300000e-01
20040831 9.1311800000e-01 +2.5756300000e-01
20040901 9.0905600000e-01 -3.9054700000e-01
20040902 4.4404800000e-01 +4.8563400000e-01
20040903 4.0355400000e-01 +1.8879700000e-03
20040907 1.0488200000e+00 +5.2362900000e-01
20040908 1.5412600000e+00 +9.7632400000e-01
20040909 8.1224200000e-01 +6.3146600000e-01
20040910 2.5724200000e-01 +4.4792500000e-01
20040913 3.8043900000e-01 -5.5772200000e-01
20040914 3.2582900000e-01 +2.4930000000e-01
20040915 3.4333700000e-01 -1.8913000000e-01
20040916 3.8648900000e-01 -2.0232100000e-01
20040917 3.1285000000e-01 -8.6417100000e-01
20040920 5.7435300000e-01 -2.4737200000e-02
20040921 2.8710200000e-01 +5.8329500000e-02
20040922 7.1167700000e-01 -1.4689200000e+00
20040923 8.0144400000e-01 -4.1448500000e-01
20040924 3.9177900000e-01 +7.0295400000e-01
20040927 2.7933700000e-01 -8.8037000000e-02
20040928 1.9793000000e-01 +3.2384500000e-01
20040929 5.2892800000e-01 +4.7236000000e-01
20040930 6.1084100000e-01 +6.2889400000e-01
20041001 1.1030600000e+00 +1.0706300000e+00
20041004 1.6602000000e+00 +3.3307600000e-01
20041005 1.9314400000e-01 -2.4179700000e-01
20041006 4.8372000000e-01 +1.0073200000e+00
20041007 3.0449700000e-01 -6.6265600000e-01
20041008 5.0041500000e-01 -7.9995900000e-01
20041011 4.1901100000e-01 -1.3808400000e-01
20041012 5.0081600000e-01 -1.9381900000e-01
20041013 1.1959600000e+00 -1.4257600000e+00
20041014 5.4051200000e-01 -1.5101600000e-01
20041015 2.0584900000e-01 -9.4408800000e-02
20041018 9.4684500000e-01 +1.5746800000e+00
20041019 1.1111900000e+01 +3.4102900000e+00
20041020 4.1712900000e-01 -1.0468000000e-01
20041021 6.7250400000e-01 -5.6594300000e-01
20041022 8.2813900000e-01 -7.8702200000e-01
20041025 5.2289100000e-01 +1.2541200000e+00
20041026 1.9995800000e-01 +6.8275600000e-01
20041027 6.4763200000e-01 +1.2551400000e+00
20041028 2.9451300000e-01 -4.5165300000e-01
20041029 6.8419700000e-01 +2.4238500000e-01
20041101 5.7862100000e-01 +6.0061600000e-01
20041102 1.2285700000e+00 +7.5564300000e-01
20041103 5.1068300000e-01 +3.0720500000e-02
20041104 6.3604900000e-01 +1.3814900000e+00
20041105 6.3630700000e-01 +9.4311200000e-01
20041108 4.6028400000e-01 +6.0392700000e-01
20041109 5.6586600000e-01 +2.0810600000e-01
20041110 4.4577200000e-01 +2.4462500000e-01
20041111 8.2649700000e-01 +1.3198700000e+00
20041112 3.7157100000e-01 +6.2123400000e-01
20041115 2.1453300000e-01 +7.5730100000e-01
20041116 2.6520600000e-01 -6.0509500000e-01
20041117 1.4017500000e+00 +4.3501300000e-01
20041118 2.9538300000e-01 -3.0502600000e-01
20041119 1.9098800000e-01 -7.6168200000e-01
20041122 4.9651600000e-01 +8.0918500000e-01
20041123 5.8458800000e-01 +3.8306800000e-01
20041124 4.1840900000e-01 +3.2590000000e-01
20041126 2.1597100000e-01 -4.9410800000e-01
20041129 3.0212500000e+00 +7.3417000000e-01
20041130 5.7670200000e-01 -1.1906100000e+00
20041201 1.0852200000e+00 +1.6956000000e+00
20041202 5.6344900000e-01 +6.3778900000e-02
20041203 1.0814600000e+00 +7.3347500000e-01
20041206 6.5027500000e-01 +6.6201900000e-01
20041207 9.4988000000e-01 -1.7234600000e+00
20041208 7.4478700000e-01 +2.3082200000e-01
20041209 6.8265700000e-01 +1.0886000000e+00
20041210 4.2612500000e-01 -7.7156500000e-01
20041213 5.6530000000e-01 -2.0281200000e-01
20041214 4.5275000000e-01 +1.1065800000e+00
20041215 1.4792000000e-01 +3.0296400000e-01
20041216 5.7969800000e-01 +2.9435800000e-01
20041217 1.5601300000e+00 -5.9622300000e-01
20041220 1.1522600000e+00 +5.0453400000e-01
20041221 2.6001700000e-01 +5.2150900000e-01
20041222 2.1544000000e-01 +5.1032000000e-01
20041223 8.7992600000e-02 +2.4825900000e-01
20041227 6.1640500000e-02 -2.5336000000e-01
20041228 5.7249200000e-01 +9.6292300000e-01
20041229 1.0987200000e-01 +2.4238100000e-01
20041230 3.3289900000e-01 +4.0761400000e-01
20041231 3.1316700000e-01 +1.1296000000e-01
20050103 4.2063200000e-01 -1.2710500000e+00
20050104 9.5169100000e-01 -1.0249100000e+00
20050105 1.0373500000e+00 -6.4139700000e-02
20050106 6.3149400000e-01 -3.3183600000e-01
20050107 6.3903700000e-01 -6.8049900000e-01
20050110 3.9153100000e-01 -1.0445900000e-01
20050111 4.2242400000e-01 -6.5528200000e-01
20050112 1.3642800000e+00 +2.7681200000e-01
20050113 6.9655700000e-01 -7.6384900000e-01
20050114 4.2306000000e-01 -2.8943600000e-01
20050118 9.8651100000e-01 +1.0955200000e+00
20050119 1.0869500000e+00 -1.6072400000e+00
20050120 4.1328400000e-01 +1.6568400000e-01
20050121 4.0982100000e-01 -7.0138100000e-01
20050124 3.0362700000e-01 -7.5024600000e-01
20050125 6.1784400000e-01 +4.1346600000e-01
20050126 2.2723200000e-01 -2.5372000000e-01
20050127 4.0498400000e-01 +3.6823800000e-01
20050128 1.8090500000e+00 +8.2202200000e-01
20050131 4.1382700000e-01 +1.1201300000e-01
20050201 6.7083700000e-02 +4.1032900000e-01
20050202 3.5231000000e-01 +5.1481400000e-01
20050203 6.2217800000e-01 -4.4405500000e-01
20050204 2.5395200000e-01 +1.2810600000e+00
20050207 1.9167200000e-01 +1.7767700000e-01
20050208 1.0655800000e-01 -2.2779600000e-01
20050209 6.4314900000e-01 -1.5890600000e+00
20050210 4.2722900000e-01 -9.8726200000e-02
20050211 7.5497700000e-01 +7.0530400000e-01
20050214 2.7989700000e-01 +4.2783100000e-01
20050215 5.9060600000e-01 +9.3168700000e-01
20050216 2.9327000000e-01 +3.6678400000e-01
20050217 3.2185600000e-01 -8.1083000000e-01
20050218 2.7770000000e-01 -5.0259500000e-01
20050222 5.3653300000e-01 -8.7919000000e-01
20050223 2.7021000000e-01 -1.6613500000e-01
20050224 2.2139900000e-01 +7.2273500000e-01
20050225 6.9342200000e-02 +1.9926200000e-01
20050228 7.8631000000e-02 -1.0380000000e-01
20050301 5.5718000000e-01 +7.8505400000e-01
20050302 4.9474000000e-01 -1.8796400000e-01
20050303 2.8778000000e-01 -7.4119600000e-01
20050304 2.9632900000e-01 -3.1485800000e-01
20050307 4.0490300000e-01 -7.1805700000e-01
20050308 8.5722200000e-01 +5.5078900000e-01
20050309 4.7196600000e-01 +3.9744300000e-01
20050310 5.9006500000e-01 +5.7739700000e-02
20050311 3.0980400000e-01 -1.0507500000e+00
20050314 3.1988800000e-01 +4.6235700000e-01
20050315 2.6742800000e-01 -5.8836300000e-01
20050316 3.1146300000e-01 -5.1333700000e-01
20050317 5.3411600000e-01 -7.9027100000e-01
20050318 2.9480800000e-01 -5.8036400000e-01
20050321 9.3677700000e-01 +2.4875100000e-01
20050322 6.2621800000e-01 -2.1209800000e-02
20050323 6.9859200000e-01 +9.2866700000e-01
20050324 6.7151000000e-01 +1.6762000000e-01
20050328 5.6477500000e-01 +4.1489800000e-01
20050329 7.0433500000e-01 -3.5904200000e-01
20050330 1.0834100000e-01 +2.7884300000e-01
20050331 2.8867800000e-01 +8.2747200000e-01
20050401 7.7772200000e-01 -1.1664600000e+00
20050404 4.3175100000e-01 +6.1225000000e-02
20050405 2.2188900000e-01 -7.0912300000e-01
20050406 3.9328200000e-01 -2.7697800000e-01
20050407 3.7010500000e-01 -7.1037900000e-01
20050408 4.8833300000e-01 -8.6620700000e-01
20050411 9.3567600000e-01 -1.3922400000e+00
20050412 1.3416400000e+00 -2.7096400000e-01
20050413 5.0602300000e-01 -1.4147200000e+00
20050414 1.7539400000e+00 -1.0579500000e+00
20050415 1.0437100000e+01 -5.6186100000e+00
20050418 5.2419700000e-01 -1.2886300000e-01
20050419 2.1732600000e+00 -1.6943400000e+00
20050420 3.3365300000e+00 -4.6203200000e+00
20050421 1.3366900000e+00 +2.0550800000e+00
20050422 3.1606400000e+00 +2.0350600000e-01
20050425 3.1701000000e+00 +1.8649700000e-01
20050426 6.5718400000e+00 +1.0258500000e+00
20050427 1.1688300000e+00 +2.0438400000e+00
20050428 1.4312600000e+00 -1.4379400000e+00
20050429 3.2050800000e-01 -1.5923000000e-02
20050502 9.1568400000e-01 +2.3906500000e-02
20050503 5.6328200000e-01 -1.7315100000e-01
20050504 3.0345600000e-01 +6.9266200000e-01
20050505 2.0311200000e+00 -2.6142900000e+00
20050506 3.5426600000e-01 -2.5978700000e-01
20050509 3.3397100000e-01 -3.4729800000e-01
20050510 1.1024000000e+00 -2.1756700000e+00
20050511 1.3832800000e+00 -2.3372300000e-01
20050512 7.8748600000e-01 -1.0738900000e+00
20050513 1.1725900000e+00 +8.0463000000e-01
20050516 1.2878400000e+00 +1.5638400000e+00
20050517 7.3950100000e-01 +2.1441600000e-01
20050518 2.0969800000e+00 +2.1620900000e+00
20050519 6.6493000000e-01 +9.5356700000e-01
20050520 1.2201900000e+00 -1.0897900000e+00
20050523 8.1812900000e-01 +3.0261700000e-01
20050524 6.9713000000e-01 -6.9470900000e-01
20050525 1.7108600000e-01 +6.3237300000e-01
20050526 6.6862800000e-01 +1.1713700000e+00
20050527 3.0589700000e-01 -9.4835000000e-02
20050531 1.1193100000e+00 -2.2543600000e+00
20050601 2.0247300000e+00 +1.6960400000e+00
20050602 4.4861700000e-01 +7.5266200000e-01
20050603 9.7674100000e-01 -1.7608800000e+00
20050606 5.2839700000e-01 -1.0283300000e+00
20050607 9.2244900000e-01 +1.3324200000e-01
20050608 5.0575500000e-01 -3.2033900000e-01
20050609 1.2621300000e+00 +3.9874700000e-01
20050610 3.7312200000e-01 -6.2886500000e-02
20050613 1.2048900000e+00 +4.4316400000e-01
20050614 5.3716700000e-01 -2.0566100000e-01
20050615 1.0734700000e+00 +1.2169500000e+00
20050616 3.3157900000e-01 +8.6680500000e-01
20050617 9.8828600000e-01 -1.5874000000e+00
20050620 5.7739500000e-01 +2.4198300000e-01
20050621 4.2219700000e-01 -3.2969700000e-01
20050622 1.1076500000e+00 +1.0043200000e+00
20050623 8.2328700000e-01 -2.1856400000e+00
20050624 1.4713000000e+00 -1.7312300000e+00
20050627 1.4418200000e+00 -1.3737400000e-01
20050628 1.8413600000e+00 +1.8774600000e+00
20050629 8.2014500000e-01 -7.3232300000e-01
20050630 6.9813000000e-01 -7.4982900000e-01
20050701 1.3090700000e+00 +6.4504900000e-01
20050705 7.2416300000e-01 +3.8881400000e-01
20050706 1.5189200000e+00 +1.3282200000e+00
20050707 9.7594800000e-01 +2.5485000000e+00
20050708 3.5033800000e+00 +2.5392200000e+00
20050711 7.0939300000e-01 -4.4741000000e-01
20050712 1.6798300000e+00 +1.1900700000e+00
20050713 1.8415600000e-01 +3.2324400000e-01
20050714 9.6460500000e-01 +7.9888400000e-01
20050715 4.7398800000e-01 -8.3067700000e-02
20050718 8.6404600000e-01 -4.3585800000e-01
20050719 1.0261400000e+01 +2.2993000000e+00
20050720 1.3338600000e+00 +1.2078700000e+00
20050721 1.1189700000e+00 -2.3668200000e-01
20050722 3.4040900000e-01 +9.0114000000e-02
20050725 1.3117400000e-01 +1.1312700000e-02
20050726 3.0432800000e-01 -2.5614600000e-02
20050727 1.3005800000e+00 -1.3008000000e-01
20050728 5.5367800000e-01 +1.2654200000e-01
20050729 2.8100200000e-01 -3.7622800000e-01
20050801 4.5416500000e-01 +1.1833900000e-01
20050802 2.5868900000e-01 -8.0644600000e-03
20050803 4.1746900000e-01 +9.6758200000e-01
20050804 6.1661000000e-01 -8.8927400000e-01
20050805 8.7985600000e-01 +4.5572700000e-01
20050808 4.2153400000e-01 -1.2217100000e-01
20050809 6.4438400000e-01 +2.5085500000e-01
20050810 1.6347500000e+00 -1.9035800000e+00
20050811 1.6761200000e+00 +8.0716900000e-01
20050812 6.6807500000e-01 -3.3740900000e-01
20050815 9.7495900000e-01 +4.9067200000e-01
20050816 1.1295900000e+00 -1.5150900000e+00
20050817 6.9730600000e-01 +2.2522800000e-02
20050818 1.3782600000e+00 -5.6109500000e-02
20050819 1.9874800000e+00 +1.4386100000e+00
20050822 4.2749600000e-01 -1.7858300000e-01
20050823 6.0078000000e-01 -7.1626100000e-01
20050824 1.0137900000e+00 -7.1123900000e-01
20050825 2.9221700000e-01 -3.1922000000e-01
20050826 4.5704800000e-01 -7.6094000000e-01
20050829 1.2379900000e+00 +1.4433800000e+00
20050830 1.3732800000e+00 -7.1372100000e-01
20050831 5.3588300000e-01 +1.0783700000e-01
20050901 9.2042100000e-01 -1.1601100000e+00
20050902 3.7677100000e-01 -1.4700400000e-02
20050906 8.9625600000e-01 +1.8155800000e+00
20050907 6.4274500000e-01 +6.5975000000e-04
20050908 2.7165500000e-01 -4.0487600000e-01
20050909 4.0779400000e-01 +7.0717500000e-01
20050912 7.5578000000e-01 +1.5263200000e-01
20050913 1.0064300000e+00 -8.8146100000e-01
20050914 2.8451900000e-01 -3.7875100000e-01
20050915 4.3565800000e-01 -5.4582900000e-01
20050916 2.2561300000e-01 +3.0764700000e-03
20050919 7.2201700000e-01 -1.0727000000e+00
20050920 4.5698400000e-01 -8.1956000000e-01
20050921 4.2581500000e-01 -9.2542400000e-01
20050922 4.1572100000e-01 +8.4206100000e-01
20050923 3.4296500000e-01 +8.5516700000e-02
20050926 1.0710200000e+00 -9.0132000000e-01
20050927 1.4123100000e+00 +8.4581400000e-01
20050928 2.0530400000e+00 +1.8872400000e+00
20050929 2.5821000000e+00 +1.2208600000e+00
20050930 1.3075800000e-01 -2.9787800000e-02
20051003 5.1016600000e-01 +2.6143700000e-01
20051004 1.0496400000e+00 -6.3943800000e-01
20051005 5.9637700000e-01 -4.2532500000e-01
20051006 1.5447000000e+00 -1.6299700000e-01
20051007 2.0144700000e+00 +7.6986000000e-01
20051010 7.5235200000e-01 +2.1437000000e-01
20051011 1.6792600000e+00 +1.5276800000e+00
20051012 6.5696800000e-01 -1.0149600000e+00
20051013 7.5428000000e-01 +4.0798500000e-01
20051014 8.9210400000e-01 -4.3752100000e-02
20051017 8.8399000000e-01 +2.8691700000e-01
20051018 1.7208800000e+00 -6.0947100000e-01
20051019 2.4971100000e+00 +1.5036500000e+00
20051020 7.2871900000e-01 -1.1382100000e+00
20051021 1.5471400000e+00 +3.0064900000e-01
20051024 9.9466900000e-01 +3.5049300000e-01
20051025 1.2684100000e+00 +1.8722500000e-01
20051026 9.7425800000e-01 -2.4601000000e-02
20051027 5.2178100000e-01 -4.4511800000e-01
20051028 2.5223600000e+00 -1.0191100000e+00
20051031 8.9406600000e-01 +4.9215000000e-01
20051101 3.3358100000e-01 -2.9141400000e-01
20051102 1.1557900000e+00 -4.7218200000e-01
20051103 1.7317800000e+00 +2.0035700000e+00
20051104 3.5966600000e-01 +1.3031700000e-01
20051107 4.4880800000e-01 +5.2750000000e-01
20051108 4.6040300000e-01 -3.5334200000e-01
20051109 5.0590300000e-01 -2.6877500000e-02
20051110 1.4668800000e+00 +1.6066600000e+00
20051111 6.4259100000e-01 +5.9857300000e-01
20051114 6.2281400000e-01 +1.0304600000e-01
20051115 1.0151900000e+00 +1.5603700000e+00
20051116 6.7282100000e-01 +1.2564700000e+00
20051117 7.0331100000e-01 +5.6150700000e-01
20051118 7.1708400000e-01 -1.4891800000e-01
20051121 5.6948500000e-01 -3.7293500000e-01
20051122 6.9544800000e-01 +1.0628800000e+00
20051123 1.0000800000e+00 +8.7847800000e-01
20051125 3.4124400000e-01 -8.3012800000e-02
20051128 3.4467000000e-01 +3.5971300000e-01
20051129 7.1571900000e-01 -5.3613800000e-02
20051130 6.0369600000e-01 -2.5180600000e-01
20051201 9.0318600000e-01 +3.3783600000e-01
20051202 9.7333700000e-01 -5.8051100000e-01
20051205 5.5839700000e-01 -5.9521100000e-02
20051206 9.8695900000e-01 +5.2794900000e-01
20051207 7.9080500000e-01 -3.4867600000e-01
20051208 1.3989700000e+00 -1.2694500000e+00
20051209 7.4226500000e-01 -2.1046600000e-01
20051212 5.5378000000e-01 -1.1522600000e+00
20051213 1.5003800000e+00 -1.5735300000e+00
20051214 2.3240000000e-01 -6.4387200000e-01
20051215 7.6714600000e-01 +6.0454900000e-01
20051216 9.1448700000e-01 -4.9690500000e-01
20051219 4.2638700000e-01 -7.1377700000e-01
20051220 3.6790600000e-01 -4.0986900000e-01
20051221 3.1400500000e+00 +7.9435700000e-01
20051222 4.7035500000e-01 +2.4093800000e-01
20051223 1.4729300000e-01 -3.7235100000e-01
20051227 1.4020300000e+00 -5.6460100000e-01
20051228 5.8257900000e-01 +6.7394300000e-02
20051229 4.3326600000e-01 -7.0106000000e-01
20051230 2.1214700000e-01 +1.5098400000e-01
20060103 1.8833600000e+00 -4.7413500000e-01
20060104 5.0815600000e-01 -3.3833400000e-01
20060105 1.0628600000e+00 +1.1931500000e+00
20060106 4.2288100000e-01 +1.2321600000e+00
20060109 5.9085200000e-01 -4.1003500000e-01
20060110 4.4754400000e-01 +7.5324400000e-01
20060111 1.4444800000e+00 -3.0451600000e-02
20060112 3.0927000000e-01 -3.1543200000e-01
20060113 7.8400600000e-01 +2.4258300000e-01
20060117 2.5364600000e-01 +1.1264900000e-01
20060118 2.0827800000e+00 +3.0839700000e-01
20060119 4.4228400000e-01 -1.0681500000e+00
20060120 1.1414800000e+00 -2.0961200000e+00
20060123 4.9278600000e-01 +7.1240200000e-02
20060124 5.3771500000e-01 -6.6146900000e-01
20060125 6.8375500000e-01 +2.2829800000e-02
20060126 7.8830200000e-01 -3.8591500000e-01
20060127 6.3298600000e-01 +4.6214100000e-01
20060130 5.2398600000e-01 +8.0588100000e-01
20060131 7.4028100000e-01 -3.0712200000e-01
20060201 7.9662800000e-01 +1.0878200000e+00
20060202 2.8064100000e-01 -5.5792400000e-01
20060203 9.0279200000e-01 -9.8068500000e-01
20060206 1.0840900000e+00 -5.3559400000e-01
20060207 7.1493600000e-01 +5.5241400000e-01
20060208 6.8403800000e-01 +8.2958600000e-01
20060209 9.2327600000e-01 -5.0002400000e-02
20060210 3.6111000000e-01 +1.0762700000e+00
20060213 9.1910900000e-01 -1.0390200000e+00
20060214 8.8056600000e-01 +7.7631200000e-01
20060215 3.1951500000e-01 -2.4563500000e-01
20060216 6.5058000000e-01 +1.8217800000e-01
20060217 8.5372700000e-01 -2.5989400000e-01
20060221 6.0237200000e-01 +1.7755300000e-02
20060222 7.0834600000e-01 +1.3489100000e+00
20060223 1.1119000000e+00 -1.2078000000e+00
20060224 1.8533900000e-01 +4.3239900000e-02
20060227 4.9763200000e-01 +5.6464400000e-01
20060228 3.8353000000e-01 -1.2892200000e-01
20060301 3.5268900000e-01 -3.4458100000e-01
20060302 3.8233700000e-01 +3.7666900000e-01
20060303 7.5892800000e-01 +2.8516600000e-01
20060306 3.6808600000e-01 +1.2205500000e-01
20060307 1.1256500000e+00 +3.6346900000e-01
20060308 7.8317200000e-01 +1.0506400000e+00
20060309 8.2085100000e-01 -1.2820800000e-01
20060310 6.3856300000e-01 +7.4399800000e-01
20060313 3.7793000000e-01 +4.4405200000e-01
20060314 4.9724000000e-01 +1.4865900000e+00
20060315 9.7327700000e-01 +8.0894600000e-01
20060316 9.3305500000e-01 -6.2805600000e-01
20060317 4.9106400000e-01 -2.7189600000e-02
20060320 2.0130900000e-01 +3.3753100000e-01
20060321 1.0061000000e+00 +1.8858500000e-01
20060322 8.4143100000e-01 +9.4886200000e-01
20060323 1.0924500000e+00 -1.4038300000e+00
20060324 4.5527600000e-01 +3.1239800000e-01
20060327 2.3605800000e-01 -1.1970700000e-01
20060328 4.3233800000e-01 -6.3978400000e-01
20060329 1.2109600000e+00 +9.3985100000e-01
20060330 3.9108500000e-01 +2.0215900000e-01
20060331 6.1813600000e-01 -7.4207000000e-01
20060403 6.4921300000e-01 +6.9503000000e-01
20060404 5.7454600000e-01 +4.5383700000e-01
20060405 8.2879100000e-01 +9.4880500000e-01
20060406 8.5771500000e-01 -1.7627400000e-01
20060407 5.2295500000e-01 -1.4106500000e+00
20060410 3.2746900000e-01 -2.9711100000e-01
20060411 8.9718800000e-01 -9.5612100000e-01
20060412 4.1918100000e-01 -4.2158300000e-01
20060413 2.8036900000e+00 +1.2469300000e+00
20060417 1.2906800000e+00 -9.3825000000e-02
20060418 1.3119500000e+00 +1.9472900000e+00
20060419 2.3488200000e+00 -2.0569600000e+00
20060420 1.0925500000e+00 +3.1769400000e-01
20060421 1.0838100000e+00 -8.8971800000e-01
20060424 4.9295200000e-01 +7.3505500000e-01
20060425 2.5576700000e+00 +7.4611100000e-01
20060426 1.5078800000e+00 +7.7209900000e-01
20060427 5.6658200000e-01 +8.9423800000e-01
20060428 2.2847500000e+00 -1.7458700000e+00
20060501 1.3620900000e+00 -2.0671400000e-01
20060502 4.6381600000e-01 +3.3008100000e-01
20060503 5.8344500000e-01 +3.8189400000e-01
20060504 2.0927000000e-01 -3.4156400000e-01
20060505 1.6569400000e-01 +7.7472100000e-01
20060508 3.3268400000e-01 -2.3666800000e-01
20060509 2.8330500000e-01 +4.9061500000e-01
20060510 3.8973200000e-01 -2.0883800000e-01
20060511 4.7927100000e-01 -2.8735300000e-01
20060512 1.1798100000e+00 -9.1207300000e-02
20060515 1.0593100000e+00 +9.7435800000e-01
20060516 1.9832200000e-01 -8.7119500000e-01
20060517 4.8753200000e-01 -8.7823900000e-01
20060518 1.2471000000e+00 -5.0502200000e-01
20060519 9.2005700000e-01 -7.9183100000e-01
20060522 6.7375100000e-01 -1.4497000000e-01
20060523 1.2363200000e+00 -5.1067400000e-01
20060524 9.0794000000e-01 +2.6809500000e-01
20060525 1.5061700000e-01 +3.4548000000e-01
20060526 3.3430500000e-01 +6.8428300000e-01
20060530 3.5620000000e-01 -4.6710300000e-01
20060531 8.1029400000e-01 -3.2288700000e-01
20060601 6.9068600000e-01 +9.5967800000e-01
20060602 1.9565900000e+00 -1.3604100000e+00
20060605 5.2161600000e-01 -3.5841100000e-01
20060606 1.7563900000e+00 +8.6897100000e-01
20060607 9.7755800000e-01 -7.8195700000e-01
20060608 2.0353900000e+00 -2.2312700000e+00
20060609 1.3142900000e+00 +4.2950000000e-01
20060612 6.0187400000e-01 -7.9537200000e-01
20060613 2.2990700000e+00 -2.7117900000e-01
20060614 1.1241400000e+00 +1.0728900000e+00
20060615 1.5043200000e+00 +9.5320400000e-01
20060616 1.7331200000e+00 -6.9798200000e-01
20060619 8.0580100000e-01 -3.4001300000e-01
20060620 7.1330300000e-01 +2.6322500000e-01
20060621 4.6403800000e-01 +2.8168300000e-01
20060622 8.1095800000e-01 -1.3574000000e+00
20060623 1.0318000000e+00 -6.2427000000e-02
20060626 3.0781900000e-01 +1.0826100000e-01
20060627 1.0745800000e+00 -7.8574400000e-01
20060628 3.1185200000e-01 -2.0060700000e-02
20060629 9.5001900000e-01 +1.3348600000e+00
20060630 3.3340700000e-01 -1.0706100000e+00
20060703 9.5925400000e-01 +1.6894200000e+00
20060705 8.3888300000e-01 -3.2091600000e-01
20060706 5.6140400000e-01 +4.8523100000e-01
20060707 3.9266000000e+00 -2.1591400000e+00
20060710 5.6913500000e-01 +5.3562800000e-01
20060711 1.9501800000e+00 +7.8669600000e-02
20060712 1.2188500000e+00 -8.8459700000e-01
20060713 3.7826200000e+00 -1.3709300000e+00
20060714 4.5602400000e-01 -9.2016900000e-01
20060717 7.2630000000e-01 +3.2072000000e-01
20060718 1.9659000000e+00 +7.7312200000e-01
20060719 6.7708000000e+00 +2.2079400000e+00
20060720 1.3377000000e+00 -6.0060000000e-01
20060721 1.3751900000e+00 -8.0493900000e-01
20060724 5.7698300000e-01 +1.4617100000e+00
20060725 7.2546600000e-01 -1.2376900000e-01
20060726 7.5423300000e-01 +8.5519400000e-02
20060727 2.3565200000e+00 +4.0797200000e-01
20060728 7.0531800000e-01 +9.7491400000e-01
20060731 7.2619100000e-01 +8.0689100000e-01
20060801 1.0626500000e+00 -1.5657500000e+00
20060802 6.0877700000e-01 +1.5002700000e-01
20060803 5.7207400000e-01 +1.9762000000e-01
20060804 1.2799100000e+00 -8.3207300000e-01
20060807 5.5297100000e-01 -2.9289900000e-01
20060808 9.0422200000e-01 -3.2758100000e-01
20060809 8.7467400000e-01 +3.9777300000e-05
20060810 5.8164900000e-01 +4.7560300000e-01
20060811 1.8980700000e-01 -8.4920200000e-02
20060814 1.2052700000e+00 +1.5438700000e+00
20060815 4.1665700000e-01 +3.1392600000e-01
20060816 2.1727000000e+00 +2.3882000000e+00
20060817 5.7324400000e-01 +6.7713900000e-01
20060818 1.2064500000e+00 +6.5442700000e-01
20060821 8.0608800000e-01 -5.0986100000e-01
20060822 3.2152600000e-01 -3.9178300000e-01
20060823 8.4484500000e-01 -3.8084000000e-01
20060824 4.7425200000e-01 +8.7705100000e-01
20060825 3.8364000000e-01 +7.5916700000e-01
20060828 9.2647900000e-02 +4.8361100000e-01
20060829 6.1207300000e-01 +1.4324100000e+00
20060830 7.4385300000e-01 -1.6195500000e-01
20060831 4.3576700000e-01 -3.3244000000e-01
20060901 3.5632600000e-01 +5.4756900000e-01
20060905 7.3425800000e-01 -4.9416500000e-01
20060906 3.0630000000e-01 -3.6061800000e-01
20060907 3.2464000000e-01 -9.2698800000e-01
20060908 3.9714500000e-01 +1.3800100000e+00
20060911 6.3246000000e-01 +4.2974300000e-01
20060912 7.7233700000e-01 +1.5008600000e+00
20060913 3.7259400000e-01 -1.7444600000e-01
20060914 5.2248000000e-01 +5.1053800000e-01
20060915 2.0426800000e-01 -3.2997400000e-01
20060918 4.0558300000e-01 -7.7799900000e-01
20060919 6.9874300000e-01 -2.4763300000e-01
20060920 1.7346500000e+00 +1.5130600000e+00
20060921 1.2866400000e+00 -1.5611800000e+00
20060922 5.6052500000e-01 -5.5673300000e-01
20060925 5.8340600000e-01 +6.4166800000e-01
20060926 2.7709000000e-01 +6.3053800000e-01
20060927 4.2677300000e-01 -2.0351500000e-01
20060928 1.6879500000e-01 -6.6190900000e-02
20060929 4.4834400000e-01 -1.5399100000e-02
20061002 5.2040800000e-01 -3.7728600000e-03
20061003 3.3678700000e-01 -2.4882500000e-01
20061004 7.6649800000e-01 +1.7723000000e+00
20061005 4.1785300000e-01 -6.5519900000e-02
20061006 1.1687000000e+00 +2.8233500000e-01
20061009 4.7582800000e-01 +1.0353900000e+00
20061010 2.6281400000e-01 +4.0972600000e-01
20061011 5.8026700000e-01 +5.5138700000e-02
20061012 3.4869900000e-01 +6.6078200000e-01
20061013 7.8290600000e-01 +1.7212600000e+00
20061016 2.8766800000e+00 +1.0598900000e+00
20061017 1.5059800000e+00 +6.6625200000e-01
20061018 1.0328900000e+01 +1.3641300000e+00
20061019 1.6230100000e+00 +2.1480900000e-01
20061020 1.8824600000e-01 +5.1285400000e-01
20061023 2.0457800000e+00 +1.3685500000e+00
20061024 8.2798500000e-01 +2.9628800000e-01
20061025 1.0243100000e+00 +5.7248200000e-01
20061026 4.4391700000e-01 -3.0259200000e-01
20061027 7.2301600000e-01 -4.0539000000e-01
20061030 6.0894300000e-01 +9.6283600000e-01
20061031 2.2229200000e+00 +7.7545900000e-01
20061101 1.0053400000e+00 -6.2664700000e-01
20061102 2.7609200000e-01 -1.3080800000e-01
20061103 4.1062400000e-01 -2.6577900000e-01
20061106 6.8307300000e-01 +1.2533700000e+00
20061107 6.7944900000e-01 +1.5977000000e-01
20061108 5.7722800000e-01 +8.1682400000e-02
20061109 3.3474300000e-01 -1.1886600000e-01
20061110 3.1721300000e-01 -6.3505300000e-01
20061113 3.9863600000e-01 +4.4494400000e-01
20061114 6.0918300000e-01 +1.3397400000e+00
20061115 3.8659100000e-01 -5.4884600000e-02
20061116 4.5414900000e-01 +3.2588300000e-01
20061117 4.2680100000e-01 +3.6975300000e-01
20061120 4.8967200000e-01 -4.6623800000e-01
20061121 2.3877000000e-01 +8.2329200000e-02
20061122 2.2565800000e-01 +5.6700500000e-01
20061124 2.8490200000e-01 -9.3855200000e-02
20061127 7.0817000000e-01 -1.5683500000e+00
20061128 2.5186100000e-01 +1.2826900000e-01
20061129 2.7248200000e-01 +1.7500200000e-01
20061130 1.0652900000e+00 +5.2063900000e-01
20061201 1.1702500000e+00 -7.2948700000e-01
20061204 1.3155500000e+00 +1.9103300000e+00
20061205 5.7776700000e-01 +9.7904200000e-01
20061206 2.3631300000e-01 -3.0741600000e-01
20061207 4.6020300000e-01 +1.4471700000e-01
20061208 5.9065300000e-01 -1.5253500000e-01
20061211 3.1828700000e-01 -1.4317400000e-01
20061212 1.5768400000e+00 +5.9213000000e-01
20061213 4.6795000000e-01 +1.7249800000e-01
20061214 3.8142200000e-01 +5.0860300000e-01
20061215 3.2771400000e-01 -3.5698100000e-01
20061218 4.8152700000e-01 +4.9029300000e-01
20061219 4.1563100000e-01 +8.5304600000e-01
20061220 3.6569000000e-01 -1.2608900000e-01
20061221 7.4106300000e-01 +6.9453100000e-02
20061222 1.7827600000e-01 -5.3090200000e-01
20061226 3.0111900000e-01 +5.7733600000e-01
20061227 4.8306000000e-01 +1.0177000000e+00
20061228 1.4921100000e-01 -1.8379400000e-01
20061229 5.0413700000e-01 +2.0820400000e-01
